0.0,1.0,0.0,0.0
0.0,0.0,0.95,0.05
0.95,0.0,0.0,0.05
0.0,0.0,0.95,0.05
0.1,0.85,0.0,0.05
0.3,0.3,0.25,0.15
0.4,0.2,0.25,0.15
0.25,0.1,0.15,0.5
0.2,0.15,0.55,0.1
0.0,0.05,0.0,0.95
0.0,0.0,0.0,1.0
0.0,1.0,0.0,0.0
num:1 
0.0,0.0,0.285714285714,0.714285714286
0.857142857143,0.0,0.142857142857,0.0
1.0,0.0,0.0,0.0
1.0,0.0,0.0,0.0
0.857142857143,0.0,0.0,0.142857142857
0.0,0.571428571429,0.142857142857,0.285714285714
0.142857142857,0.142857142857,0.285714285714,0.428571428571
0.0,0.0,0.0,1.0
0.0,1.0,0.0,0.0
0.0,0.857142857143,0.142857142857,0.0
0.0,0.0,1.0,0.0
1.0,0.0,0.0,0.0
num:2 
0.0,0.0,0.0,1.0
0.0,1.0,0.0,0.0
0.0,1.0,0.0,0.0
0.0,0.0,1.0,0.0
0.666666666667,0.333333333333,0.0,0.0
0.166666666667,0.0,0.333333333333,0.5
0.5,0.5,0.0,0.0
0.166666666667,0.166666666667,0.5,0.166666666667
1.0,0.0,0.0,0.0
0.0,0.166666666667,0.0,0.833333333333
0.0,0.0,0.833333333333,0.166666666667
0.0,0.0,0.166666666667,0.833333333333
num:3 
0.0,1.0,0.0,0.0
0.0,1.0,0.0,0.0
0.0,0.0,1.0,0.0
1.0,0.0,0.0,0.0
0.2,0.2,0.4,0.2
0.0,0.6,0.4,0.0
0.4,0.2,0.2,0.2
0.0,0.4,0.6,0.0
0.0,0.0,0.0,1.0
0.0,1.0,0.0,0.0
0.4,0.4,0.0,0.2
0.0,0.0,0.0,1.0
num:4 
0.0,0.0,1.0,0.0
0.0,0.0,0.25,0.75
0.0,1.0,0.0,0.0
0.0,1.0,0.0,0.0
0.25,0.0,0.25,0.5
1.0,0.0,0.0,0.0
0.0,0.25,0.25,0.5
0.25,0.5,0.25,0.0
0.0,1.0,0.0,0.0
0.0,0.0,1.0,0.0
1.0,0.0,0.0,0.0
0.25,0.25,0.0,0.5
num:5 
1.0,0.0,0.0,0.0
0.0,0.0,0.0,1.0
0.666666666667,0.166666666667,0.0,0.166666666667
0.5,0.0,0.5,0.0
0.5,0.166666666667,0.166666666667,0.166666666667
0.333333333333,0.333333333333,0.333333333333,0.0
0.0,0.666666666667,0.333333333333,0.0
0.0,0.0,0.0,1.0
0.0,1.0,0.0,0.0
0.0,1.0,0.0,0.0
0.0,0.0,1.0,0.0
0.833333333333,0.166666666667,0.0,0.0
num:6 
0.0,0.0,1.0,0.0
0.0,0.0,1.0,0.0
0.0,0.166666666667,0.666666666667,0.166666666667
0.0,1.0,0.0,0.0
0.666666666667,0.166666666667,0.166666666667,0.0
0.333333333333,0.0,0.5,0.166666666667
0.5,0.0,0.166666666667,0.333333333333
0.166666666667,0.166666666667,0.166666666667,0.5
0.0,0.0,0.0,1.0
0.0,0.0,0.166666666667,0.833333333333
0.0,1.0,0.0,0.0
0.0,0.0,1.0,0.0
num:7 
0.75,0.0,0.25,0.0
0.25,0.0,0.75,0.0
0.75,0.25,0.0,0.0
0.0,1.0,0.0,0.0
1.0,0.0,0.0,0.0
0.0,0.5,0.25,0.25
0.0,0.25,0.75,0.0
0.0,0.0,0.5,0.5
0.0,0.0,0.0,1.0
0.0,1.0,0.0,0.0
0.0,0.0,1.0,0.0
1.0,0.0,0.0,0.0
num:8 
0.4,0.0,0.0,0.6
1.0,0.0,0.0,0.0
0.0,0.0,1.0,0.0
0.8,0.2,0.0,0.0
0.4,0.4,0.2,0.0
0.2,0.2,0.4,0.2
0.8,0.0,0.0,0.2
0.0,0.0,0.8,0.2
0.0,0.0,0.0,1.0
0.0,0.0,0.0,1.0
0.0,1.0,0.0,0.0
0.0,0.0,1.0,0.0
num:9 
0.333333333333,0.0,0.666666666667,0.0
0.0,0.333333333333,0.0,0.666666666667
0.0,1.0,0.0,0.0
0.0,1.0,0.0,0.0
0.0,0.0,1.0,0.0
1.0,0.0,0.0,0.0
0.0,0.333333333333,0.666666666667,0.0
0.0,1.0,0.0,0.0
0.0,0.666666666667,0.0,0.333333333333
0.0,0.0,0.0,1.0
0.0,0.666666666667,0.0,0.333333333333
0.0,0.0,0.0,1.0
0.0,0.0,0.0,1.0
0.0,0.0,1.0,0.0
0.0,0.0,0.0,1.0
0.0,0.333333333333,0.666666666667,0.0
num:10 
0.0,0.0,1.0,0.0
0.0,0.0,0.0,1.0
0.0,0.666666666667,0.333333333333,0.0
1.0,0.0,0.0,0.0
0.333333333333,0.0,0.0,0.666666666667
0.0,1.0,0.0,0.0
0.333333333333,0.0,0.333333333333,0.333333333333
0.0,1.0,0.0,0.0
1.0,0.0,0.0,0.0
0.0,0.0,0.666666666667,0.333333333333
0.0,0.333333333333,0.666666666667,0.0
0.0,0.0,1.0,0.0
0.0,0.0,0.0,1.0
0.0,0.666666666667,0.333333333333,0.0
0.0,1.0,0.0,0.0
0.0,0.0,1.0,0.0
num:11 
0.0,0.0,0.0,1.0
0.333333333333,0.333333333333,0.0,0.333333333333
0.0,0.0,0.0,1.0
0.0,0.0,1.0,0.0
0.333333333333,0.666666666667,0.0,0.0
0.0,0.0,1.0,0.0
0.0,0.333333333333,0.0,0.666666666667
0.333333333333,0.333333333333,0.333333333333,0.0
0.333333333333,0.333333333333,0.333333333333,0.0
0.333333333333,0.0,0.666666666667,0.0
0.0,0.333333333333,0.0,0.666666666667
0.0,1.0,0.0,0.0
0.0,1.0,0.0,0.0
0.0,0.0,1.0,0.0
1.0,0.0,0.0,0.0
0.0,0.0,1.0,0.0
num:12 
0.0,0.0,0.0,1.0
0.0,1.0,0.0,0.0
1.0,0.0,0.0,0.0
1.0,0.0,0.0,0.0
0.0,0.0,0.0,1.0
0.0,0.0,0.666666666667,0.333333333333
0.333333333333,0.0,0.333333333333,0.333333333333
0.666666666667,0.333333333333,0.0,0.0
1.0,0.0,0.0,0.0
0.333333333333,0.333333333333,0.0,0.333333333333
0.0,1.0,0.0,0.0
0.666666666667,0.0,0.333333333333,0.0
1.0,0.0,0.0,0.0
0.0,1.0,0.0,0.0
0.666666666667,0.0,0.333333333333,0.0
1.0,0.0,0.0,0.0
num:13 
0.0,0.666666666667,0.0,0.333333333333
0.0,0.0,1.0,0.0
0.333333333333,0.0,0.333333333333,0.333333333333
1.0,0.0,0.0,0.0
1.0,0.0,0.0,0.0
0.0,0.0,0.0,1.0
0.333333333333,0.333333333333,0.0,0.333333333333
0.666666666667,0.333333333333,0.0,0.0
0.0,0.0,0.333333333333,0.666666666667
0.333333333333,0.0,0.333333333333,0.333333333333
0.0,0.0,0.0,1.0
0.0,0.0,1.0,0.0
1.0,0.0,0.0,0.0
0.0,0.0,0.0,1.0
0.0,0.333333333333,0.0,0.666666666667
0.0,0.0,1.0,0.0
num:14 
1.0,0.0,0.0,0.0
0.666666666667,0.0,0.0,0.333333333333
1.0,0.0,0.0,0.0
0.0,1.0,0.0,0.0
0.0,0.0,1.0,0.0
0.0,1.0,0.0,0.0
0.333333333333,0.0,0.0,0.666666666667
0.333333333333,0.666666666667,0.0,0.0
0.333333333333,0.0,0.333333333333,0.333333333333
0.0,0.0,0.666666666667,0.333333333333
0.0,0.0,1.0,0.0
0.0,0.0,0.333333333333,0.666666666667
0.0,1.0,0.0,0.0
0.0,0.0,1.0,0.0
0.666666666667,0.0,0.333333333333,0.0
0.666666666667,0.333333333333,0.0,0.0
num:15 
0.0,0.666666666667,0.0,0.333333333333
0.0,0.0,1.0,0.0
0.0,0.0,0.0,1.0
0.0,0.333333333333,0.0,0.666666666667
0.0,0.0,1.0,0.0
0.0,0.0,0.0,1.0
0.0,0.333333333333,0.666666666667,0.0
0.0,0.0,0.666666666667,0.333333333333
0.0,0.333333333333,0.666666666667,0.0
0.333333333333,0.666666666667,0.0,0.0
0.0,0.0,1.0,0.0
1.0,0.0,0.0,0.0
0.0,0.0,1.0,0.0
0.333333333333,0.666666666667,0.0,0.0
0.0,0.666666666667,0.0,0.333333333333
0.0,0.0,0.0,1.0
num:16 
0.666666666667,0.0,0.0,0.333333333333
0.0,0.0,0.666666666667,0.333333333333
0.0,0.0,0.0,1.0
0.0,0.0,1.0,0.0
0.0,0.0,0.0,1.0
0.0,0.666666666667,0.333333333333,0.0
0.0,0.0,1.0,0.0
0.0,0.333333333333,0.333333333333,0.333333333333
0.0,1.0,0.0,0.0
0.0,0.666666666667,0.333333333333,0.0
0.0,0.0,0.333333333333,0.666666666667
1.0,0.0,0.0,0.0
1.0,0.0,0.0,0.0
1.0,0.0,0.0,0.0
0.0,0.0,1.0,0.0
1.0,0.0,0.0,0.0
num:17 
0.0,1.0,0.0,0.0
0.333333333333,0.333333333333,0.0,0.333333333333
0.0,1.0,0.0,0.0
0.0,0.0,1.0,0.0
1.0,0.0,0.0,0.0
0.666666666667,0.0,0.0,0.333333333333
0.333333333333,0.0,0.666666666667,0.0
0.666666666667,0.333333333333,0.0,0.0
0.0,0.0,0.333333333333,0.666666666667
0.666666666667,0.333333333333,0.0,0.0
0.0,0.0,1.0,0.0
0.0,0.0,0.0,1.0
0.0,0.333333333333,0.666666666667,0.0
0.0,0.0,1.0,0.0
0.0,0.0,1.0,0.0
0.666666666667,0.333333333333,0.0,0.0
num:18 
0.0,0.666666666667,0.333333333333,0.0
0.0,0.0,1.0,0.0
1.0,0.0,0.0,0.0
0.0,0.0,1.0,0.0
0.0,1.0,0.0,0.0
0.333333333333,0.666666666667,0.0,0.0
0.0,0.0,0.333333333333,0.666666666667
0.0,0.333333333333,0.0,0.666666666667
0.0,0.333333333333,0.0,0.666666666667
0.0,1.0,0.0,0.0
0.333333333333,0.0,0.333333333333,0.333333333333
1.0,0.0,0.0,0.0
0.0,0.0,0.0,1.0
0.0,1.0,0.0,0.0
0.0,0.333333333333,0.0,0.666666666667
0.0,0.0,0.0,1.0
num:19 
0.666666666667,0.333333333333,0.0,0.0
0.333333333333,0.0,0.666666666667,0.0
0.0,1.0,0.0,0.0
0.0,0.0,1.0,0.0
0.0,0.0,0.0,1.0
0.0,1.0,0.0,0.0
1.0,0.0,0.0,0.0
0.333333333333,0.0,0.666666666667,0.0
0.0,0.666666666667,0.333333333333,0.0
0.333333333333,0.0,0.666666666667,0.0
0.0,0.333333333333,0.666666666667,0.0
0.0,1.0,0.0,0.0
0.0,0.0,1.0,0.0
1.0,0.0,0.0,0.0
1.0,0.0,0.0,0.0
0.666666666667,0.0,0.0,0.333333333333
num:20 
1.0,0.0,0.0,0.0
0.333333333333,0.666666666667,0.0,0.0
1.0,0.0,0.0,0.0
0.0,1.0,0.0,0.0
0.0,0.0,1.0,0.0
0.0,0.0,0.0,1.0
0.0,0.666666666667,0.0,0.333333333333
0.0,1.0,0.0,0.0
0.0,0.333333333333,0.666666666667,0.0
0.666666666667,0.333333333333,0.0,0.0
0.666666666667,0.0,0.333333333333,0.0
0.0,1.0,0.0,0.0
0.0,0.0,1.0,0.0
0.666666666667,0.0,0.333333333333,0.0
0.666666666667,0.0,0.333333333333,0.0
0.333333333333,0.666666666667,0.0,0.0
num:21 
0.0,0.0,0.0,1.0
0.0,1.0,0.0,0.0
0.0,1.0,0.0,0.0
0.0,0.0,1.0,0.0
1.0,0.0,0.0,0.0
0.0,0.0,0.333333333333,0.666666666667
0.0,0.333333333333,0.666666666667,0.0
0.0,0.0,0.666666666667,0.333333333333
0.333333333333,0.0,0.333333333333,0.333333333333
0.0,0.0,0.333333333333,0.666666666667
0.0,0.0,1.0,0.0
0.0,0.0,1.0,0.0
0.0,1.0,0.0,0.0
0.0,0.333333333333,0.666666666667,0.0
1.0,0.0,0.0,0.0
0.0,0.0,0.0,1.0
num:22 
0.666666666667,0.0,0.0,0.333333333333
0.0,0.0,1.0,0.0
0.0,1.0,0.0,0.0
0.0,0.0,1.0,0.0
0.0,1.0,0.0,0.0
0.333333333333,0.0,0.0,0.666666666667
0.333333333333,0.333333333333,0.0,0.333333333333
0.666666666667,0.0,0.333333333333,0.0
0.0,0.333333333333,0.0,0.666666666667
0.0,0.333333333333,0.666666666667,0.0
0.0,1.0,0.0,0.0
0.333333333333,0.333333333333,0.0,0.333333333333
0.0,1.0,0.0,0.0
0.0,0.0,1.0,0.0
0.0,1.0,0.0,0.0
0.0,0.0,1.0,0.0
num:23 
0.0,0.666666666667,0.333333333333,0.0
0.0,0.0,0.0,1.0
1.0,0.0,0.0,0.0
0.0,0.0,0.666666666667,0.333333333333
1.0,0.0,0.0,0.0
0.0,0.0,0.0,1.0
0.333333333333,0.0,0.666666666667,0.0
0.333333333333,0.333333333333,0.0,0.333333333333
0.333333333333,0.333333333333,0.333333333333,0.0
0.333333333333,0.666666666667,0.0,0.0
0.0,0.666666666667,0.333333333333,0.0
0.0,0.333333333333,0.0,0.666666666667
0.0,1.0,0.0,0.0
0.0,1.0,0.0,0.0
0.0,0.0,1.0,0.0
0.0,1.0,0.0,0.0
num:24 
0.0,0.0,0.0,1.0
0.666666666667,0.0,0.0,0.333333333333
0.0,0.0,0.0,1.0
0.0,0.0,1.0,0.0
1.0,0.0,0.0,0.0
0.0,0.0,1.0,0.0
0.666666666667,0.0,0.333333333333,0.0
0.333333333333,0.666666666667,0.0,0.0
0.0,0.666666666667,0.0,0.333333333333
0.333333333333,0.0,0.0,0.666666666667
0.0,0.0,0.333333333333,0.666666666667
0.0,0.666666666667,0.0,0.333333333333
0.0,1.0,0.0,0.0
1.0,0.0,0.0,0.0
1.0,0.0,0.0,0.0
0.666666666667,0.0,0.333333333333,0.0
num:25 
1.0,0.0,0.0,0.0
0.0,0.333333333333,0.0,0.666666666667
0.0,0.0,1.0,0.0
0.333333333333,0.0,0.0,0.666666666667
0.0,0.0,0.0,1.0
0.0,0.0,0.0,1.0
0.333333333333,0.666666666667,0.0,0.0
0.0,0.0,0.666666666667,0.333333333333
0.0,0.0,1.0,0.0
1.0,0.0,0.0,0.0
0.0,0.0,0.333333333333,0.666666666667
1.0,0.0,0.0,0.0
1.0,0.0,0.0,0.0
0.0,0.333333333333,0.0,0.666666666667
0.333333333333,0.0,0.0,0.666666666667
1.0,0.0,0.0,0.0
num:26 
0.0,0.666666666667,0.0,0.333333333333
0.0,0.0,0.0,1.0
0.0,0.0,0.0,1.0
0.0,1.0,0.0,0.0
0.0,0.0,1.0,0.0
0.0,0.0,0.0,1.0
0.333333333333,0.333333333333,0.333333333333,0.0
0.666666666667,0.0,0.0,0.333333333333
0.333333333333,0.333333333333,0.333333333333,0.0
0.0,0.0,0.333333333333,0.666666666667
0.0,0.0,0.0,1.0
0.0,0.0,0.0,1.0
0.0,0.0,0.0,1.0
0.333333333333,0.666666666667,0.0,0.0
0.0,0.666666666667,0.333333333333,0.0
0.0,0.0,1.0,0.0
num:27 
0.0,1.0,0.0,0.0
0.0,0.0,1.0,0.0
1.0,0.0,0.0,0.0
0.0,0.0,0.0,1.0
0.0,0.0,1.0,0.0
1.0,0.0,0.0,0.0
0.0,0.0,0.333333333333,0.666666666667
0.666666666667,0.0,0.333333333333,0.0
0.333333333333,0.0,0.333333333333,0.333333333333
0.0,0.0,1.0,0.0
0.333333333333,0.0,0.333333333333,0.333333333333
0.0,1.0,0.0,0.0
0.0,1.0,0.0,0.0
0.333333333333,0.0,0.666666666667,0.0
0.0,1.0,0.0,0.0
1.0,0.0,0.0,0.0
num:28 
0.0,0.0,0.0,1.0
0.666666666667,0.333333333333,0.0,0.0
0.0,0.0,0.666666666667,0.333333333333
1.0,0.0,0.0,0.0
0.333333333333,0.0,0.0,0.666666666667
1.0,0.0,0.0,0.0
1.0,0.0,0.0,0.0
0.333333333333,0.333333333333,0.333333333333,0.0
0.333333333333,0.333333333333,0.333333333333,0.0
0.0,1.0,0.0,0.0
0.0,1.0,0.0,0.0
1.0,0.0,0.0,0.0
1.0,0.0,0.0,0.0
1.0,0.0,0.0,0.0
0.0,1.0,0.0,0.0
0.0,0.333333333333,0.666666666667,0.0
num:29 
0.0,0.0,0.333333333333,0.666666666667
0.0,0.0,0.0,1.0
1.0,0.0,0.0,0.0
0.0,0.0,0.0,1.0
0.0,0.0,0.0,1.0
0.0,0.333333333333,0.0,0.666666666667
0.666666666667,0.0,0.0,0.333333333333
0.666666666667,0.0,0.333333333333,0.0
0.0,0.0,0.0,1.0
0.333333333333,0.0,0.0,0.666666666667
0.0,0.0,0.0,1.0
0.666666666667,0.0,0.0,0.333333333333
0.0,0.0,0.333333333333,0.666666666667
0.0,0.0,0.0,1.0
0.0,1.0,0.0,0.0
0.333333333333,0.666666666667,0.0,0.0
num:30 
0.0,0.0,1.0,0.0
1.0,0.0,0.0,0.0
1.0,0.0,0.0,0.0
0.0,0.333333333333,0.0,0.666666666667
0.333333333333,0.0,0.333333333333,0.333333333333
0.0,0.0,1.0,0.0
0.333333333333,0.0,0.666666666667,0.0
0.0,0.333333333333,0.333333333333,0.333333333333
0.0,0.0,0.666666666667,0.333333333333
0.666666666667,0.0,0.333333333333,0.0
0.0,0.0,0.0,1.0
0.0,0.0,0.0,1.0
0.0,0.0,1.0,0.0
0.0,0.666666666667,0.333333333333,0.0
0.0,0.0,0.0,1.0
0.0,1.0,0.0,0.0
num:31 
0.0,1.0,0.0,0.0
0.0,0.0,1.0,0.0
1.0,0.0,0.0,0.0
0.0,0.666666666667,0.333333333333,0.0
0.0,0.0,1.0,0.0
0.0,0.333333333333,0.666666666667,0.0
0.0,1.0,0.0,0.0
0.333333333333,0.666666666667,0.0,0.0
1.0,0.0,0.0,0.0
0.0,0.333333333333,0.666666666667,0.0
0.0,0.333333333333,0.333333333333,0.333333333333
0.0,1.0,0.0,0.0
0.333333333333,0.333333333333,0.333333333333,0.0
0.0,0.0,1.0,0.0
0.0,1.0,0.0,0.0
0.0,0.0,1.0,0.0
num:32 
0.0,0.0,1.0,0.0
0.0,1.0,0.0,0.0
0.0,0.0,1.0,0.0
1.0,0.0,0.0,0.0
0.0,0.666666666667,0.333333333333,0.0
0.0,0.0,1.0,0.0
0.0,0.0,0.0,1.0
0.0,0.333333333333,0.333333333333,0.333333333333
0.0,0.333333333333,0.0,0.666666666667
0.0,0.666666666667,0.0,0.333333333333
0.0,0.0,0.666666666667,0.333333333333
0.0,0.0,0.0,1.0
0.0,1.0,0.0,0.0
0.0,0.666666666667,0.333333333333,0.0
0.0,0.0,0.666666666667,0.333333333333
0.666666666667,0.333333333333,0.0,0.0
num:33 
0.0,0.75,0.0,0.25
0.0,0.0,1.0,0.0
0.0,1.0,0.0,0.0
0.0,1.0,0.0,0.0
0.0,0.0,1.0,0.0
0.5,0.0,0.0,0.5
0.25,0.0,0.5,0.25
0.5,0.0,0.25,0.25
0.0,0.25,0.0,0.75
0.0,1.0,0.0,0.0
0.0,0.25,0.75,0.0
0.0,0.0,1.0,0.0
0.0,0.0,0.0,1.0
0.0,0.0,0.0,1.0
0.0,0.0,0.25,0.75
0.0,0.0,1.0,0.0
num:34 
0.0,1.0,0.0,0.0
0.0,1.0,0.0,0.0
0.666666666667,0.333333333333,0.0,0.0
1.0,0.0,0.0,0.0
0.0,0.0,0.0,1.0
0.333333333333,0.333333333333,0.0,0.333333333333
0.0,0.0,1.0,0.0
0.333333333333,0.0,0.333333333333,0.333333333333
0.0,0.333333333333,0.666666666667,0.0
0.0,0.666666666667,0.0,0.333333333333
0.0,0.0,0.0,1.0
0.0,1.0,0.0,0.0
0.0,1.0,0.0,0.0
0.0,0.0,1.0,0.0
0.666666666667,0.0,0.333333333333,0.0
0.0,0.666666666667,0.333333333333,0.0
num:35 
1.0,0.0,0.0,0.0
0.333333333333,0.0,0.333333333333,0.333333333333
0.0,0.666666666667,0.0,0.333333333333
0.666666666667,0.333333333333,0.0,0.0
1.0,0.0,0.0,0.0
0.666666666667,0.0,0.0,0.333333333333
0.666666666667,0.0,0.333333333333,0.0
0.0,0.0,0.0,1.0
0.0,0.333333333333,0.0,0.666666666667
0.0,1.0,0.0,0.0
0.0,0.0,1.0,0.0
1.0,0.0,0.0,0.0
0.0,0.0,0.0,1.0
0.0,1.0,0.0,0.0
1.0,0.0,0.0,0.0
0.333333333333,0.0,0.0,0.666666666667
num:36 
0.0,1.0,0.0,0.0
0.0,0.0,1.0,0.0
1.0,0.0,0.0,0.0
0.0,0.0,0.666666666667,0.333333333333
0.0,0.0,0.0,1.0
0.0,0.333333333333,0.333333333333,0.333333333333
0.0,0.666666666667,0.333333333333,0.0
0.0,0.0,1.0,0.0
0.333333333333,0.0,0.333333333333,0.333333333333
0.0,0.0,0.666666666667,0.333333333333
0.333333333333,0.0,0.0,0.666666666667
0.0,1.0,0.0,0.0
0.0,0.0,1.0,0.0
0.0,0.0,0.666666666667,0.333333333333
1.0,0.0,0.0,0.0
0.0,0.0,0.333333333333,0.666666666667
num:37 
0.75,0.0,0.0,0.25
0.0,0.0,0.0,1.0
0.0,0.0,0.0,1.0
1.0,0.0,0.0,0.0
1.0,0.0,0.0,0.0
0.0,0.0,0.0,1.0
0.25,0.25,0.0,0.5
0.25,0.0,0.0,0.75
0.0,0.0,0.5,0.5
0.75,0.0,0.25,0.0
0.25,0.0,0.0,0.75
0.0,0.0,0.0,1.0
0.75,0.0,0.25,0.0
0.75,0.0,0.0,0.25
0.25,0.0,0.75,0.0
0.0,0.0,0.0,1.0
num:38 
0.666666666667,0.0,0.0,0.333333333333
1.0,0.0,0.0,0.0
0.666666666667,0.0,0.333333333333,0.0
0.333333333333,0.0,0.0,0.666666666667
0.0,1.0,0.0,0.0
0.0,0.666666666667,0.333333333333,0.0
1.0,0.0,0.0,0.0
0.333333333333,0.0,0.0,0.666666666667
0.666666666667,0.0,0.333333333333,0.0
0.0,0.333333333333,0.333333333333,0.333333333333
0.0,0.0,1.0,0.0
0.0,0.0,0.0,1.0
0.0,1.0,0.0,0.0
0.0,1.0,0.0,0.0
0.0,0.0,1.0,0.0
0.666666666667,0.333333333333,0.0,0.0
num:39 
1.0,0.0,0.0,0.0
0.0,0.0,0.0,1.0
0.0,0.0,1.0,0.0
0.0,0.0,0.0,1.0
0.0,0.0,1.0,0.0
1.0,0.0,0.0,0.0
0.0,0.0,0.0,1.0
0.0,0.333333333333,0.333333333333,0.333333333333
0.0,0.0,0.666666666667,0.333333333333
0.0,0.0,0.666666666667,0.333333333333
0.333333333333,0.666666666667,0.0,0.0
0.0,1.0,0.0,0.0
0.0,0.0,0.666666666667,0.333333333333
0.333333333333,0.333333333333,0.0,0.333333333333
0.0,0.0,1.0,0.0
0.0,0.0,0.0,1.0
num:40 
1.0,0.0,0.0,0.0
0.25,0.0,0.0,0.75
0.0,0.0,0.25,0.75
1.0,0.0,0.0,0.0
1.0,0.0,0.0,0.0
0.5,0.25,0.0,0.25
0.25,0.0,0.75,0.0
0.25,0.25,0.0,0.5
0.25,0.25,0.0,0.5
0.25,0.0,0.25,0.5
0.0,0.0,0.0,1.0
0.5,0.0,0.0,0.5
0.75,0.0,0.0,0.25
0.0,0.0,0.0,1.0
0.0,0.0,0.0,1.0
0.0,0.0,0.0,1.0
num:41 
0.0,0.0,0.0,1.0
0.0,1.0,0.0,0.0
0.0,0.0,1.0,0.0
1.0,0.0,0.0,0.0
1.0,0.0,0.0,0.0
0.0,0.0,0.0,1.0
1.0,0.0,0.0,0.0
0.0,0.0,0.666666666667,0.333333333333
0.333333333333,0.0,0.0,0.666666666667
0.0,0.333333333333,0.0,0.666666666667
0.333333333333,0.333333333333,0.0,0.333333333333
0.333333333333,0.666666666667,0.0,0.0
1.0,0.0,0.0,0.0
0.333333333333,0.0,0.0,0.666666666667
0.666666666667,0.0,0.333333333333,0.0
0.0,1.0,0.0,0.0
num:42 
1.0,0.0,0.0,0.0
0.0,0.0,1.0,0.0
0.0,0.0,0.0,1.0
0.0,1.0,0.0,0.0
0.0,1.0,0.0,0.0
0.333333333333,0.0,0.666666666667,0.0
1.0,0.0,0.0,0.0
0.333333333333,0.333333333333,0.0,0.333333333333
0.0,0.333333333333,0.333333333333,0.333333333333
0.333333333333,0.333333333333,0.0,0.333333333333
0.666666666667,0.0,0.0,0.333333333333
0.0,0.0,0.0,1.0
0.0,0.0,0.0,1.0
0.0,1.0,0.0,0.0
0.0,0.0,0.333333333333,0.666666666667
0.0,0.666666666667,0.0,0.333333333333
num:43 
0.0,0.0,0.0,1.0
0.0,0.333333333333,0.333333333333,0.333333333333
0.0,0.0,1.0,0.0
0.0,0.0,0.0,1.0
0.0,0.0,1.0,0.0
1.0,0.0,0.0,0.0
0.666666666667,0.0,0.333333333333,0.0
0.333333333333,0.0,0.333333333333,0.333333333333
0.666666666667,0.0,0.0,0.333333333333
0.0,0.0,0.0,1.0
0.0,0.0,0.333333333333,0.666666666667
0.0,1.0,0.0,0.0
0.0,1.0,0.0,0.0
0.0,0.0,0.666666666667,0.333333333333
0.333333333333,0.666666666667,0.0,0.0
0.0,1.0,0.0,0.0
num:44 
0.0,0.25,0.0,0.75
0.0,0.75,0.25,0.0
0.0,1.0,0.0,0.0
0.25,0.25,0.5,0.0
0.25,0.75,0.0,0.0
0.5,0.0,0.5,0.0
0.25,0.25,0.25,0.25
0.25,0.75,0.0,0.0
0.0,0.0,1.0,0.0
0.25,0.25,0.5,0.0
0.25,0.0,0.25,0.5
0.0,0.75,0.25,0.0
1.0,0.0,0.0,0.0
0.0,0.0,0.75,0.25
0.75,0.0,0.0,0.25
0.75,0.0,0.0,0.25
num:45 
0.0,0.0,1.0,0.0
0.0,0.0,1.0,0.0
0.0,0.0,0.666666666667,0.333333333333
0.0,1.0,0.0,0.0
0.0,1.0,0.0,0.0
0.0,0.0,1.0,0.0
0.333333333333,0.666666666667,0.0,0.0
0.0,0.333333333333,0.666666666667,0.0
0.0,0.333333333333,0.333333333333,0.333333333333
0.0,1.0,0.0,0.0
0.0,0.333333333333,0.666666666667,0.0
0.0,0.0,0.0,1.0
0.0,1.0,0.0,0.0
0.0,1.0,0.0,0.0
0.0,0.333333333333,0.666666666667,0.0
1.0,0.0,0.0,0.0
num:46 
1.0,0.0,0.0,0.0
0.666666666667,0.0,0.0,0.333333333333
1.0,0.0,0.0,0.0
0.0,0.0,0.0,1.0
0.0,0.0,1.0,0.0
1.0,0.0,0.0,0.0
1.0,0.0,0.0,0.0
0.0,0.333333333333,0.333333333333,0.333333333333
0.0,0.333333333333,0.0,0.666666666667
1.0,0.0,0.0,0.0
0.333333333333,0.333333333333,0.0,0.333333333333
0.0,0.0,0.0,1.0
0.0,0.0,0.0,1.0
0.0,0.666666666667,0.333333333333,0.0
0.0,0.0,1.0,0.0
0.666666666667,0.0,0.333333333333,0.0
num:47 
1.0,0.0,0.0,0.0
0.0,0.0,0.0,1.0
0.0,0.0,1.0,0.0
0.0,0.0,0.0,1.0
0.0,0.666666666667,0.333333333333,0.0
0.0,0.333333333333,0.0,0.666666666667
0.333333333333,0.0,0.0,0.666666666667
0.0,0.0,0.0,1.0
0.666666666667,0.0,0.0,0.333333333333
1.0,0.0,0.0,0.0
0.666666666667,0.0,0.0,0.333333333333
1.0,0.0,0.0,0.0
0.333333333333,0.0,0.333333333333,0.333333333333
0.0,0.0,1.0,0.0
1.0,0.0,0.0,0.0
0.666666666667,0.0,0.0,0.333333333333
num:48 
0.0,0.666666666667,0.0,0.333333333333
0.0,0.666666666667,0.333333333333,0.0
0.0,0.0,0.666666666667,0.333333333333
0.0,0.0,1.0,0.0
0.0,0.0,0.0,1.0
0.0,1.0,0.0,0.0
0.666666666667,0.0,0.333333333333,0.0
0.0,0.0,0.666666666667,0.333333333333
1.0,0.0,0.0,0.0
0.333333333333,0.0,0.666666666667,0.0
0.0,0.333333333333,0.333333333333,0.333333333333
1.0,0.0,0.0,0.0
0.0,0.0,1.0,0.0
0.0,1.0,0.0,0.0
0.0,0.0,1.0,0.0
0.0,1.0,0.0,0.0
num:49 
0.333333333333,0.0,0.666666666667,0.0
0.0,0.666666666667,0.333333333333,0.0
0.0,0.0,1.0,0.0
0.333333333333,0.333333333333,0.333333333333,0.0
0.0,1.0,0.0,0.0
0.0,0.0,1.0,0.0
0.0,0.0,1.0,0.0
0.0,1.0,0.0,0.0
0.0,0.0,0.666666666667,0.333333333333
0.0,0.333333333333,0.0,0.666666666667
0.0,1.0,0.0,0.0
0.0,0.333333333333,0.333333333333,0.333333333333
0.0,0.0,0.666666666667,0.333333333333
0.333333333333,0.666666666667,0.0,0.0
0.0,1.0,0.0,0.0
0.0,0.333333333333,0.666666666667,0.0
num:50 
0.0,0.0,0.0,1.0
0.333333333333,0.666666666667,0.0,0.0
0.0,0.0,1.0,0.0
0.0,0.0,0.666666666667,0.333333333333
0.0,0.0,0.0,1.0
0.0,0.333333333333,0.0,0.666666666667
0.0,1.0,0.0,0.0
0.0,0.0,1.0,0.0
0.333333333333,0.0,0.666666666667,0.0
0.333333333333,0.333333333333,0.0,0.333333333333
0.0,0.666666666667,0.333333333333,0.0
0.0,0.333333333333,0.0,0.666666666667
0.0,0.666666666667,0.333333333333,0.0
0.0,0.666666666667,0.333333333333,0.0
0.0,0.0,0.0,1.0
0.0,0.0,1.0,0.0
num:51 
0.666666666667,0.333333333333,0.0,0.0
0.0,1.0,0.0,0.0
0.0,0.0,1.0,0.0
0.0,0.0,1.0,0.0
0.0,1.0,0.0,0.0
0.333333333333,0.333333333333,0.333333333333,0.0
0.333333333333,0.666666666667,0.0,0.0
0.0,1.0,0.0,0.0
0.333333333333,0.0,0.0,0.666666666667
0.666666666667,0.333333333333,0.0,0.0
0.333333333333,0.666666666667,0.0,0.0
0.0,0.0,0.333333333333,0.666666666667
0.0,1.0,0.0,0.0
0.0,0.0,1.0,0.0
1.0,0.0,0.0,0.0
1.0,0.0,0.0,0.0
num:52 
0.0,1.0,0.0,0.0
1.0,0.0,0.0,0.0
0.0,0.0,0.0,1.0
0.0,0.0,0.333333333333,0.666666666667
0.0,0.333333333333,0.0,0.666666666667
0.0,0.0,0.333333333333,0.666666666667
0.0,1.0,0.0,0.0
0.0,0.0,1.0,0.0
0.333333333333,0.333333333333,0.0,0.333333333333
0.0,0.0,0.0,1.0
0.333333333333,0.333333333333,0.333333333333,0.0
1.0,0.0,0.0,0.0
0.0,0.0,0.0,1.0
0.0,0.666666666667,0.0,0.333333333333
1.0,0.0,0.0,0.0
0.0,0.0,0.0,1.0
num:53 
0.0,1.0,0.0,0.0
0.0,0.0,1.0,0.0
0.0,1.0,0.0,0.0
0.0,0.0,1.0,0.0
1.0,0.0,0.0,0.0
1.0,0.0,0.0,0.0
0.666666666667,0.333333333333,0.0,0.0
1.0,0.0,0.0,0.0
0.333333333333,0.333333333333,0.333333333333,0.0
0.333333333333,0.333333333333,0.0,0.333333333333
0.666666666667,0.0,0.333333333333,0.0
0.0,0.333333333333,0.666666666667,0.0
1.0,0.0,0.0,0.0
0.0,0.666666666667,0.0,0.333333333333
0.0,0.333333333333,0.333333333333,0.333333333333
1.0,0.0,0.0,0.0
num:54 
0.0,0.25,0.75,0.0
0.0,1.0,0.0,0.0
0.0,0.0,1.0,0.0
0.0,1.0,0.0,0.0
0.25,0.0,0.75,0.0
0.0,0.0,0.25,0.75
0.0,0.75,0.0,0.25
0.0,0.75,0.25,0.0
0.0,0.25,0.75,0.0
0.25,0.25,0.5,0.0
0.0,0.0,0.0,1.0
0.0,1.0,0.0,0.0
0.0,1.0,0.0,0.0
0.0,0.25,0.75,0.0
num:55 
0.0,0.0,0.75,0.25
1.0,0.0,0.0,0.0
0.0,1.0,0.0,0.0
0.0,0.0,1.0,0.0
0.25,0.5,0.25,0.0
0.0,0.25,0.0,0.75
0.25,0.5,0.0,0.25
0.0,0.75,0.0,0.25
0.5,0.5,0.0,0.0
0.0,0.0,1.0,0.0
1.0,0.0,0.0,0.0
0.0,1.0,0.0,0.0
0.0,0.0,1.0,0.0
0.75,0.25,0.0,0.0
num:56 
1.0,0.0,0.0,0.0
0.75,0.0,0.25,0.0
0.0,0.0,1.0,0.0
0.25,0.0,0.0,0.75
0.0,1.0,0.0,0.0
0.0,0.75,0.0,0.25
0.25,0.0,0.75,0.0
1.0,0.0,0.0,0.0
0.0,0.25,0.5,0.25
0.0,0.75,0.0,0.25
0.0,1.0,0.0,0.0
0.0,0.0,1.0,0.0
0.25,0.0,0.0,0.75
0.0,1.0,0.0,0.0
num:57 
1.0,0.0,0.0,0.0
0.0,0.0,0.0,1.0
0.333333333333,0.0,0.666666666667,0.0
1.0,0.0,0.0,0.0
0.0,1.0,0.0,0.0
0.333333333333,0.666666666667,0.0,0.0
0.0,0.0,1.0,0.0
0.0,0.0,1.0,0.0
0.0,0.0,0.0,1.0
0.666666666667,0.333333333333,0.0,0.0
0.0,0.0,1.0,0.0
1.0,0.0,0.0,0.0
0.0,0.666666666667,0.0,0.333333333333
0.0,1.0,0.0,0.0
num:58 
1.0,0.0,0.0,0.0
0.75,0.25,0.0,0.0
0.0,0.25,0.75,0.0
0.75,0.0,0.25,0.0
0.0,0.25,0.0,0.75
0.0,0.0,1.0,0.0
0.0,0.0,0.75,0.25
0.0,0.0,0.5,0.5
0.0,1.0,0.0,0.0
0.0,0.0,1.0,0.0
1.0,0.0,0.0,0.0
1.0,0.0,0.0,0.0
0.25,0.0,0.0,0.75
num:59 
0.0,0.75,0.0,0.25
0.0,0.0,1.0,0.0
0.0,0.0,0.0,1.0
0.0,1.0,0.0,0.0
0.0,0.0,1.0,0.0
0.75,0.0,0.25,0.0
0.0,0.0,0.0,1.0
0.0,0.5,0.5,0.0
1.0,0.0,0.0,0.0
1.0,0.0,0.0,0.0
0.25,0.0,0.75,0.0
0.0,0.0,0.0,1.0
num:60 
0.0,0.0,0.0,1.0
0.0,1.0,0.0,0.0
0.0,1.0,0.0,0.0
0.0,0.0,1.0,0.0
0.5,0.5,0.0,0.0
0.25,0.0,0.25,0.5
0.0,0.0,0.5,0.5
0.0,0.5,0.5,0.0
0.25,0.25,0.0,0.5
0.0,0.0,1.0,0.0
0.0,0.0,1.0,0.0
0.0,0.0,1.0,0.0
num:61 
1.0,0.0,0.0,0.0
0.2,0.2,0.4,0.2
0.0,1.0,0.0,0.0
0.0,0.0,1.0,0.0
0.0,0.8,0.2,0.0
0.8,0.0,0.0,0.2
0.0,0.2,0.6,0.2
0.4,0.2,0.2,0.2
0.0,1.0,0.0,0.0
0.0,0.0,1.0,0.0
0.0,1.0,0.0,0.0
0.2,0.0,0.6,0.2
num:62 
0.0,0.0,1.0,0.0
0.4,0.4,0.2,0.0
0.0,1.0,0.0,0.0
0.2,0.0,0.8,0.0
0.4,0.2,0.2,0.2
0.0,0.2,0.0,0.8
0.0,0.0,1.0,0.0
0.4,0.0,0.0,0.6
0.0,1.0,0.0,0.0
0.0,1.0,0.0,0.0
0.0,0.0,1.0,0.0
1.0,0.0,0.0,0.0
num:63 
0.0,1.0,0.0,0.0
0.0,0.0,1.0,0.0
1.0,0.0,0.0,0.0
0.0,0.0,1.0,0.0
0.4,0.52,0.0,0.08
0.32,0.28,0.24,0.16
0.12,0.2,0.48,0.2
0.08,0.16,0.2,0.56
0.32,0.16,0.4,0.12
0.0,0.0,0.0,1.0
0.0,0.0,0.0,1.0
0.0,1.0,0.0,0.0
0.04,0.0,0.92,0.04
num:64 
0.75,0.0,0.0,0.25
1.0,0.0,0.0,0.0
0.0,0.0,1.0,0.0
0.0,0.0,0.0,1.0
0.0,1.0,0.0,0.0
0.0,0.25,0.0,0.75
0.0,0.75,0.25,0.0
0.25,0.25,0.0,0.5
0.0,0.0,0.0,1.0
0.0,0.25,0.0,0.75
0.0,1.0,0.0,0.0
0.0,0.0,1.0,0.0
0.5,0.0,0.25,0.25
num:65 
1.0,0.0,0.0,0.0
0.0,0.75,0.25,0.0
0.0,0.0,1.0,0.0
0.0,1.0,0.0,0.0
0.25,0.0,0.0,0.75
0.75,0.25,0.0,0.0
0.75,0.0,0.0,0.25
0.0,0.25,0.25,0.5
0.25,0.0,0.75,0.0
0.0,0.0,0.0,1.0
0.0,1.0,0.0,0.0
0.0,0.0,1.0,0.0
0.5,0.0,0.25,0.25
num:66 
0.0,0.75,0.25,0.0
0.25,0.0,0.0,0.75
0.0,0.0,0.0,1.0
0.0,1.0,0.0,0.0
0.0,0.0,1.0,0.0
0.0,0.0,0.0,1.0
0.0,0.5,0.25,0.25
0.5,0.25,0.0,0.25
0.0,0.0,0.0,1.0
1.0,0.0,0.0,0.0
1.0,0.0,0.0,0.0
0.5,0.5,0.0,0.0
0.0,0.0,1.0,0.0
num:67 
0.0,0.0,0.75,0.25
0.75,0.25,0.0,0.0
1.0,0.0,0.0,0.0
1.0,0.0,0.0,0.0
0.0,0.0,1.0,0.0
0.5,0.0,0.0,0.5
0.0,0.75,0.0,0.25
0.0,0.75,0.25,0.0
0.0,0.0,1.0,0.0
1.0,0.0,0.0,0.0
0.0,0.0,1.0,0.0
0.0,1.0,0.0,0.0
0.25,0.75,0.0,0.0
num:68 
0.0,1.0,0.0,0.0
0.75,0.0,0.0,0.25
0.0,1.0,0.0,0.0
1.0,0.0,0.0,0.0
1.0,0.0,0.0,0.0
0.0,0.75,0.25,0.0
0.5,0.25,0.0,0.25
0.0,0.0,0.75,0.25
0.0,0.75,0.0,0.25
0.0,0.5,0.25,0.25
1.0,0.0,0.0,0.0
0.0,0.0,0.0,1.0
0.0,0.0,0.0,1.0
num:69 
0.0,0.0,0.0,1.0
0.0,1.0,0.0,0.0
0.0,1.0,0.0,0.0
0.0,0.0,1.0,0.0
0.2,0.8,0.0,0.0
0.0,0.0,0.8,0.2
0.8,0.0,0.0,0.2
0.4,0.4,0.2,0.0
0.8,0.0,0.0,0.2
0.0,0.0,0.6,0.4
0.0,0.0,1.0,0.0
0.0,0.0,1.0,0.0
0.0,0.2,0.0,0.8
num:70 
0.0,0.0,0.2,0.8
0.0,0.2,0.0,0.8
0.4,0.0,0.6,0.0
1.0,0.0,0.0,0.0
1.0,0.0,0.0,0.0
0.8,0.0,0.0,0.2
0.6,0.4,0.0,0.0
0.0,0.0,0.2,0.8
0.0,0.2,0.0,0.8
0.2,0.8,0.0,0.0
0.0,1.0,0.0,0.0
0.0,0.0,1.0,0.0
1.0,0.0,0.0,0.0
num:71 
0.0,0.0,0.333333333333,0.666666666667
0.0,1.0,0.0,0.0
0.0,0.666666666667,0.333333333333,0.0
0.0,0.0,0.333333333333,0.666666666667
0.0,0.0,0.0,1.0
0.0,1.0,0.0,0.0
0.0,1.0,0.0,0.0
0.0,0.0,1.0,0.0
1.0,0.0,0.0,0.0
0.0,0.0,0.666666666667,0.333333333333
0.0,1.0,0.0,0.0
0.333333333333,0.0,0.666666666667,0.0
1.0,0.0,0.0,0.0
num:72 
0.0,1.0,0.0,0.0
0.0,1.0,0.0,0.0
0.0,0.0,0.961538461538,0.0384615384615
1.0,0.0,0.0,0.0
0.0384615384615,0.0,0.846153846154,0.115384615385
0.230769230769,0.730769230769,0.0,0.0384615384615
0.384615384615,0.307692307692,0.269230769231,0.0384615384615
0.269230769231,0.115384615385,0.423076923077,0.192307692308
0.269230769231,0.153846153846,0.192307692308,0.384615384615
0.0769230769231,0.115384615385,0.730769230769,0.0769230769231
0.0384615384615,0.0769230769231,0.0384615384615,0.846153846154
0.0,0.0,0.0,1.0
0.0,1.0,0.0,0.0
0.0384615384615,0.0,0.961538461538,0.0
num:73 
0.0,0.0,0.0,1.0
0.0,0.0,0.0,1.0
0.4,0.4,0.0,0.2
0.4,0.2,0.4,0.0
1.0,0.0,0.0,0.0
1.0,0.0,0.0,0.0
0.2,0.6,0.2,0.0
0.2,0.0,0.2,0.6
0.0,0.0,0.0,1.0
0.0,1.0,0.0,0.0
0.0,1.0,0.0,0.0
0.0,0.0,1.0,0.0
1.0,0.0,0.0,0.0
0.0,0.0,0.8,0.2
num:74 
0.0,0.0,1.0,0.0
0.8,0.0,0.2,0.0
0.8,0.0,0.0,0.2
1.0,0.0,0.0,0.0
1.0,0.0,0.0,0.0
0.4,0.4,0.2,0.0
0.0,0.2,0.8,0.0
0.2,0.0,0.2,0.6
0.0,1.0,0.0,0.0
0.0,0.8,0.2,0.0
0.0,0.0,0.8,0.2
1.0,0.0,0.0,0.0
0.0,0.0,1.0,0.0
0.0,0.8,0.0,0.2
num:75 
0.0,0.0,1.0,0.0
0.0,1.0,0.0,0.0
0.0,1.0,0.0,0.0
0.25,0.0,0.75,0.0
0.0,1.0,0.0,0.0
0.0,0.5,0.25,0.25
0.0,0.5,0.25,0.25
0.0,1.0,0.0,0.0
0.25,0.25,0.25,0.25
0.0,0.0,0.0,1.0
0.0,1.0,0.0,0.0
0.0,1.0,0.0,0.0
0.0,0.0,0.75,0.25
1.0,0.0,0.0,0.0
num:76 
0.0,0.0,0.0,1.0
0.0,0.0,0.0,1.0
1.0,0.0,0.0,0.0
1.0,0.0,0.0,0.0
0.25,0.0,0.0,0.75
0.0,0.25,0.5,0.25
1.0,0.0,0.0,0.0
0.25,0.5,0.0,0.25
0.5,0.25,0.25,0.0
0.25,0.75,0.0,0.0
0.0,0.0,0.0,1.0
0.0,1.0,0.0,0.0
0.0,1.0,0.0,0.0
0.0,0.0,0.75,0.25
num:77 
0.0,1.0,0.0,0.0
0.0,0.0,1.0,0.0
0.0,0.25,0.0,0.75
0.0,0.0,0.0,1.0
1.0,0.0,0.0,0.0
1.0,0.0,0.0,0.0
0.0,0.5,0.25,0.25
0.5,0.5,0.0,0.0
0.5,0.0,0.5,0.0
1.0,0.0,0.0,0.0
1.0,0.0,0.0,0.0
0.25,0.0,0.25,0.5
0.0,0.0,0.0,1.0
0.0,1.0,0.0,0.0
num:78 
1.0,0.0,0.0,0.0
1.0,0.0,0.0,0.0
0.0,0.0,1.0,0.0
0.75,0.0,0.25,0.0
0.0,0.0,0.0,1.0
0.0,0.0,0.75,0.25
0.0,0.0,1.0,0.0
0.25,0.0,0.75,0.0
0.0,0.5,0.0,0.5
0.0,0.0,1.0,0.0
1.0,0.0,0.0,0.0
1.0,0.0,0.0,0.0
0.0,0.25,0.0,0.75
0.0,0.75,0.0,0.25
num:79 
1.0,0.0,0.0,0.0
0.0,0.0,0.25,0.75
0.0,0.75,0.25,0.0
0.5,0.0,0.25,0.25
0.0,0.0,1.0,0.0
1.0,0.0,0.0,0.0
0.5,0.25,0.25,0.0
0.0,0.0,1.0,0.0
1.0,0.0,0.0,0.0
0.25,0.75,0.0,0.0
0.0,1.0,0.0,0.0
1.0,0.0,0.0,0.0
0.0,1.0,0.0,0.0
1.0,0.0,0.0,0.0
num:80 
0.0,0.0,0.0,1.0
0.0,0.0,0.0,1.0
0.0,0.0,0.0,1.0
0.0,0.0,1.0,0.0
0.666666666667,0.0,0.0,0.333333333333
0.0,0.0,0.0,1.0
0.0,0.0,0.666666666667,0.333333333333
0.0,0.333333333333,0.0,0.666666666667
0.0,0.0,0.666666666667,0.333333333333
0.0,0.0,0.0,1.0
0.0,1.0,0.0,0.0
0.0,1.0,0.0,0.0
0.0,0.0,1.0,0.0
1.0,0.0,0.0,0.0
num:81 
0.0,0.0,0.0,1.0
0.0,1.0,0.0,0.0
0.0,1.0,0.0,0.0
0.0,0.0,0.947368421053,0.0526315789474
1.0,0.0,0.0,0.0
0.0526315789474,0.0,0.789473684211,0.157894736842
0.263157894737,0.684210526316,0.0,0.0526315789474
0.473684210526,0.210526315789,0.263157894737,0.0526315789474
0.315789473684,0.0526315789474,0.421052631579,0.210526315789
0.263157894737,0.210526315789,0.263157894737,0.263157894737
0.0,0.105263157895,0.842105263158,0.0526315789474
0.0526315789474,0.0,0.0526315789474,0.894736842105
0.0,0.0,0.0,1.0
0.0,1.0,0.0,0.0
0.0526315789474,0.0,0.947368421053,0.0
num:82 
0.0,0.0,0.0,1.0
0.0,0.0,0.0,1.0
0.0,0.0,0.0,1.0
0.0,0.0,1.0,0.0
0.5,0.0,0.0,0.5
0.0,0.0,0.166666666667,0.833333333333
0.0,0.0,0.5,0.5
0.166666666667,0.166666666667,0.166666666667,0.5
0.166666666667,0.0,0.5,0.333333333333
0.0,0.0,0.0,1.0
0.0,1.0,0.0,0.0
0.0,1.0,0.0,0.0
0.0,0.0,1.0,0.0
1.0,0.0,0.0,0.0
0.0,0.0,1.0,0.0
num:83 
1.0,0.0,0.0,0.0
0.333333333333,0.333333333333,0.333333333333,0.0
0.0,0.0,1.0,0.0
0.666666666667,0.333333333333,0.0,0.0
0.0,1.0,0.0,0.0
0.0,0.0,1.0,0.0
0.333333333333,0.333333333333,0.333333333333,0.0
0.0,0.333333333333,0.0,0.666666666667
0.0,0.0,1.0,0.0
0.0,0.0,0.0,1.0
0.0,1.0,0.0,0.0
0.0,1.0,0.0,0.0
0.0,0.0,1.0,0.0
1.0,0.0,0.0,0.0
0.0,0.666666666667,0.333333333333,0.0
num:84 
0.0,0.0,0.0,1.0
0.0,1.0,0.0,0.0
0.0,1.0,0.0,0.0
0.0,0.0,1.0,0.0
1.0,0.0,0.0,0.0
0.0,0.0,0.666666666667,0.333333333333
0.0,0.333333333333,0.333333333333,0.333333333333
0.0,0.0,0.333333333333,0.666666666667
0.333333333333,0.0,0.666666666667,0.0
0.0,0.0,0.0,1.0
0.0,0.0,1.0,0.0
0.333333333333,0.0,0.666666666667,0.0
0.0,1.0,0.0,0.0
0.0,0.333333333333,0.666666666667,0.0
1.0,0.0,0.0,0.0
num:85 
0.0,1.0,0.0,0.0
0.0,0.0,0.0,1.0
0.0,0.0,0.0,1.0
1.0,0.0,0.0,0.0
1.0,0.0,0.0,0.0
0.333333333333,0.0,0.0,0.666666666667
0.0,0.0,0.666666666667,0.333333333333
1.0,0.0,0.0,0.0
0.333333333333,0.666666666667,0.0,0.0
0.666666666667,0.0,0.333333333333,0.0
0.333333333333,0.666666666667,0.0,0.0
0.0,0.0,0.0,1.0
0.0,1.0,0.0,0.0
0.0,1.0,0.0,0.0
0.0,0.0,1.0,0.0
num:86 
0.0,0.0,1.0,0.0
0.0,0.0,1.0,0.0
0.0,0.0,0.0,1.0
0.0,0.0,0.333333333333,0.666666666667
0.333333333333,0.666666666667,0.0,0.0
0.666666666667,0.0,0.0,0.333333333333
0.0,1.0,0.0,0.0
0.333333333333,0.0,0.333333333333,0.333333333333
0.333333333333,0.666666666667,0.0,0.0
0.0,0.0,1.0,0.0
0.0,0.0,0.0,1.0
0.0,1.0,0.0,0.0
0.0,1.0,0.0,0.0
0.0,0.0,1.0,0.0
1.0,0.0,0.0,0.0
num:87 
1.0,0.0,0.0,0.0
0.333333333333,0.0,0.0,0.666666666667
0.0,0.0,0.0,1.0
1.0,0.0,0.0,0.0
1.0,0.0,0.0,0.0
0.666666666667,0.333333333333,0.0,0.0
0.0,0.0,1.0,0.0
0.333333333333,0.0,0.0,0.666666666667
0.0,0.333333333333,0.0,0.666666666667
0.333333333333,0.0,0.333333333333,0.333333333333
0.0,0.0,0.0,1.0
0.333333333333,0.0,0.0,0.666666666667
1.0,0.0,0.0,0.0
0.0,0.0,0.0,1.0
0.0,0.0,0.0,1.0
num:88 
1.0,0.0,0.0,0.0
0.0,0.0,0.0,1.0
0.0,1.0,0.0,0.0
0.0,1.0,0.0,0.0
0.0,0.0,1.0,0.0
0.0,1.0,0.0,0.0
0.0,0.0,0.666666666667,0.333333333333
0.0,0.0,0.333333333333,0.666666666667
0.0,1.0,0.0,0.0
0.333333333333,0.666666666667,0.0,0.0
0.0,0.0,1.0,0.0
0.333333333333,0.0,0.666666666667,0.0
0.0,0.0,1.0,0.0
0.0,1.0,0.0,0.0
0.0,0.0,0.0,1.0
num:89 
0.333333333333,0.0,0.666666666667,0.0
1.0,0.0,0.0,0.0
0.666666666667,0.0,0.0,0.333333333333
0.0,1.0,0.0,0.0
0.0,0.0,1.0,0.0
0.333333333333,0.0,0.0,0.666666666667
0.666666666667,0.0,0.333333333333,0.0
0.0,0.0,0.666666666667,0.333333333333
0.0,0.0,0.666666666667,0.333333333333
0.0,0.0,0.333333333333,0.666666666667
0.0,1.0,0.0,0.0
0.0,1.0,0.0,0.0
0.0,0.0,1.0,0.0
1.0,0.0,0.0,0.0
0.0,0.0,1.0,0.0
num:90 
0.0333333333333,0.0,0.0333333333333,0.933333333333
0.0,1.0,0.0,0.0
0.0,1.0,0.0,0.0
0.0,0.0,0.966666666667,0.0333333333333
0.933333333333,0.0,0.0666666666667,0.0
0.0,0.0333333333333,0.866666666667,0.1
0.233333333333,0.666666666667,0.0,0.1
0.333333333333,0.3,0.2,0.166666666667
0.1,0.2,0.433333333333,0.266666666667
0.333333333333,0.166666666667,0.2,0.3
0.3,0.3,0.333333333333,0.0666666666667
0.0666666666667,0.0666666666667,0.0333333333333,0.833333333333
0.0,0.0,0.0,1.0
0.0,1.0,0.0,0.0
0.0,0.0,1.0,0.0
0.133333333333,0.0,0.0,0.866666666667
num:91 
0.0,0.25,0.75,0.0
0.25,0.0,0.75,0.0
0.0,0.0,0.75,0.25
0.0,0.0,0.0,1.0
0.0,0.0,0.0,1.0
0.25,0.25,0.5,0.0
0.25,0.0,0.0,0.75
0.0,0.5,0.25,0.25
0.25,0.0,0.5,0.25
0.25,0.5,0.0,0.25
0.0,0.0,1.0,0.0
0.0,0.0,0.0,1.0
0.0,1.0,0.0,0.0
0.0,1.0,0.0,0.0
0.0,0.0,1.0,0.0
1.0,0.0,0.0,0.0
num:92 
0.0,0.0,0.0,1.0
0.0,0.0,0.0,1.0
1.0,0.0,0.0,0.0
1.0,0.0,0.0,0.0
0.0,0.0,0.0,1.0
0.0,0.5,0.25,0.25
1.0,0.0,0.0,0.0
0.5,0.25,0.0,0.25
0.75,0.25,0.0,0.0
0.25,0.5,0.0,0.25
0.0,0.0,0.0,1.0
0.0,1.0,0.0,0.0
0.0,0.75,0.0,0.25
0.0,0.25,0.5,0.25
1.0,0.0,0.0,0.0
0.0,0.0,0.0,1.0
num:93 
0.0,1.0,0.0,0.0
0.75,0.0,0.25,0.0
0.25,0.5,0.25,0.0
0.0,1.0,0.0,0.0
0.0,0.0,1.0,0.0
0.5,0.25,0.25,0.0
0.0,1.0,0.0,0.0
0.0,0.0,1.0,0.0
0.25,0.25,0.25,0.25
0.25,0.25,0.5,0.0
0.0,0.0,1.0,0.0
0.0,0.0,0.0,1.0
0.0,1.0,0.0,0.0
0.0,1.0,0.0,0.0
0.25,0.0,0.75,0.0
1.0,0.0,0.0,0.0
num:94 
1.0,0.0,0.0,0.0
1.0,0.0,0.0,0.0
0.0,0.0,0.0,1.0
1.0,0.0,0.0,0.0
0.666666666667,0.0,0.0,0.333333333333
0.0,0.0,1.0,0.0
1.0,0.0,0.0,0.0
0.333333333333,0.666666666667,0.0,0.0
0.0,0.333333333333,0.0,0.666666666667
0.666666666667,0.333333333333,0.0,0.0
1.0,0.0,0.0,0.0
1.0,0.0,0.0,0.0
0.0,0.0,0.0,1.0
0.0,0.333333333333,0.0,0.666666666667
1.0,0.0,0.0,0.0
0.666666666667,0.0,0.333333333333,0.0
num:95 
0.666666666667,0.333333333333,0.0,0.0
0.0,0.0,1.0,0.0
0.0,0.0,0.0,1.0
0.0,0.666666666667,0.0,0.333333333333
0.0,1.0,0.0,0.0
0.0,0.0,1.0,0.0
0.666666666667,0.0,0.0,0.333333333333
0.0,0.0,0.666666666667,0.333333333333
0.0,1.0,0.0,0.0
0.0,0.0,0.0,1.0
1.0,0.0,0.0,0.0
1.0,0.0,0.0,0.0
0.666666666667,0.333333333333,0.0,0.0
0.0,0.333333333333,0.666666666667,0.0
0.0,0.0,0.0,1.0
0.0,0.0,0.0,1.0
num:96 
0.0,1.0,0.0,0.0
0.0,0.0,1.0,0.0
1.0,0.0,0.0,0.0
1.0,0.0,0.0,0.0
0.666666666667,0.0,0.333333333333,0.0
0.0,0.666666666667,0.0,0.333333333333
0.333333333333,0.333333333333,0.333333333333,0.0
0.333333333333,0.0,0.666666666667,0.0
0.333333333333,0.333333333333,0.0,0.333333333333
0.0,0.0,0.666666666667,0.333333333333
0.333333333333,0.0,0.666666666667,0.0
0.0,0.0,0.0,1.0
0.0,1.0,0.0,0.0
0.0,1.0,0.0,0.0
0.0,0.0,1.0,0.0
1.0,0.0,0.0,0.0
num:97 
0.0,0.0,0.0,1.0
0.0,1.0,0.0,0.0
0.0,1.0,0.0,0.0
0.0,0.0,1.0,0.0
0.333333333333,0.0,0.666666666667,0.0
0.0,0.333333333333,0.333333333333,0.333333333333
0.0,0.333333333333,0.0,0.666666666667
0.666666666667,0.0,0.0,0.333333333333
1.0,0.0,0.0,0.0
0.0,0.0,0.0,1.0
0.0,1.0,0.0,0.0
0.0,1.0,0.0,0.0
0.0,0.0,1.0,0.0
1.0,0.0,0.0,0.0
0.333333333333,0.0,0.0,0.666666666667
1.0,0.0,0.0,0.0
num:98 
0.0,0.0,0.0,1.0
0.0,0.0,0.0,1.0
0.0,0.0,0.0,1.0
0.0,0.0,0.333333333333,0.666666666667
0.666666666667,0.0,0.0,0.333333333333
0.0,0.333333333333,0.0,0.666666666667
0.0,0.0,1.0,0.0
0.333333333333,0.333333333333,0.0,0.333333333333
0.0,0.0,1.0,0.0
0.0,0.0,0.0,1.0
0.0,1.0,0.0,0.0
0.0,1.0,0.0,0.0
0.0,0.0,1.0,0.0
0.666666666667,0.0,0.0,0.333333333333
0.0,0.333333333333,0.666666666667,0.0
0.0,1.0,0.0,0.0
num:99 
0.0,0.0,1.0,0.0
1.0,0.0,0.0,0.0
1.0,0.0,0.0,0.0
0.0,0.0,1.0,0.0
0.0,1.0,0.0,0.0
0.166666666667,0.333333333333,0.166666666667,0.333333333333
0.0,0.166666666667,0.5,0.333333333333
0.166666666667,0.333333333333,0.5,0.0
0.0,1.0,0.0,0.0
0.0,0.0,1.0,0.0
0.0,0.333333333333,0.166666666667,0.5
0.0,0.666666666667,0.166666666667,0.166666666667
num:100 
0.0,1.0,0.0,0.0
0.0,0.0,1.0,0.0
1.0,0.0,0.0,0.0
0.0,1.0,0.0,0.0
0.2,0.4,0.4,0.0
0.0,0.8,0.2,0.0
0.2,0.6,0.0,0.2
0.0,0.0,0.8,0.2
1.0,0.0,0.0,0.0
0.0,0.2,0.0,0.8
0.0,0.0,0.25,0.75
1.0,0.0,0.0,0.0
num:101 
1.0,0.0,0.0,0.0
1.0,0.0,0.0,0.0
0.2,0.0,0.8,0.0
0.0,1.0,0.0,0.0
0.2,0.4,0.0,0.4
0.8,0.0,0.0,0.2
0.2,0.0,0.8,0.0
0.4,0.0,0.2,0.4
0.0,0.2,0.8,0.0
0.0,1.0,0.0,0.0
1.0,0.0,0.0,0.0
0.0,0.0,0.0,1.0
num:102 
0.0,1.0,0.0,0.0
0.2,0.8,0.0,0.0
1.0,0.0,0.0,0.0
1.0,0.0,0.0,0.0
0.0,1.0,0.0,0.0
0.0,0.0,1.0,0.0
0.6,0.0,0.2,0.2
0.0,0.2,0.2,0.6
0.0,0.0,1.0,0.0
0.6,0.0,0.2,0.2
0.2,0.0,0.8,0.0
0.0,0.0,1.0,0.0
num:103 
0.0,0.0,0.0,1.0
1.0,0.0,0.0,0.0
0.0,0.0,0.0,1.0
0.0,0.0,1.0,0.0
0.4,0.2,0.2,0.2
0.4,0.2,0.0,0.4
0.0,0.6,0.4,0.0
0.2,0.0,0.8,0.0
0.0,0.0,1.0,0.0
0.0,1.0,0.0,0.0
0.0,0.0,0.4,0.6
0.0,0.0,0.4,0.6
num:104 
0.0,0.0,0.0,1.0
0.0,1.0,0.0,0.0
0.0,0.0,0.0,1.0
0.0,0.0,0.0,1.0
0.0,1.0,0.0,0.0
0.25,0.75,0.0,0.0
0.0,0.0,0.25,0.75
0.25,0.75,0.0,0.0
0.0,0.25,0.5,0.25
0.0,0.0,0.0,1.0
0.0,1.0,0.0,0.0
0.0,0.0,0.75,0.25
num:105 
0.0,0.0,0.0,1.0
0.0,0.0,0.0,1.0
0.0,0.75,0.0,0.25
0.25,0.75,0.0,0.0
0.25,0.0,0.75,0.0
0.0,1.0,0.0,0.0
0.75,0.0,0.0,0.25
0.0,0.0,0.0,1.0
0.0,1.0,0.0,0.0
0.25,0.0,0.75,0.0
1.0,0.0,0.0,0.0
0.0,0.5,0.0,0.5
num:106 
0.0,0.5,0.0,0.5
0.0,0.25,0.25,0.5
0.0,1.0,0.0,0.0
0.0,0.0,1.0,0.0
0.25,0.5,0.0,0.25
0.0,0.25,0.75,0.0
0.0,0.5,0.0,0.5
0.0,0.75,0.25,0.0
0.0,1.0,0.0,0.0
0.0,0.0,1.0,0.0
0.0,0.0,0.0,1.0
0.0,0.0,0.0,1.0
num:107 
0.0,0.0,0.0,1.0
0.0,1.0,0.0,0.0
0.0,0.0,1.0,0.0
0.0,0.0,0.6,0.4
0.0,1.0,0.0,0.0
0.0,0.8,0.0,0.2
0.2,0.0,0.0,0.8
0.0,0.8,0.0,0.2
0.0,0.8,0.2,0.0
0.0,0.0,0.0,1.0
0.0,1.0,0.0,0.0
0.0,0.0,0.4,0.6
num:108 
0.0,0.666666666667,0.333333333333,0.0
0.0,1.0,0.0,0.0
0.0,0.0,0.333333333333,0.666666666667
0.333333333333,0.333333333333,0.0,0.333333333333
0.0,1.0,0.0,0.0
0.0,0.0,0.0,1.0
0.0,1.0,0.0,0.0
0.666666666667,0.0,0.0,0.333333333333
0.333333333333,0.0,0.666666666667,0.0
0.0,0.333333333333,0.333333333333,0.333333333333
0.0,0.0,0.666666666667,0.333333333333
0.0,1.0,0.0,0.0
0.0,0.0,1.0,0.0
0.0,1.0,0.0,0.0
0.0,0.0,1.0,0.0
0.0,1.0,0.0,0.0
num:109 
0.0,0.0,0.0,1.0
0.0,1.0,0.0,0.0
0.0,1.0,0.0,0.0
0.0,0.0,1.0,0.0
0.0,0.333333333333,0.0,0.666666666667
0.0,1.0,0.0,0.0
0.0,0.666666666667,0.333333333333,0.0
0.0,0.0,1.0,0.0
0.0,1.0,0.0,0.0
0.333333333333,0.333333333333,0.0,0.333333333333
1.0,0.0,0.0,0.0
0.0,1.0,0.0,0.0
0.0,0.0,0.666666666667,0.333333333333
0.0,1.0,0.0,0.0
0.0,0.0,0.333333333333,0.666666666667
0.0,0.333333333333,0.0,0.666666666667
num:110 
0.0,0.0,0.0,1.0
0.0,0.0,0.0,1.0
0.0,1.0,0.0,0.0
0.666666666667,0.0,0.333333333333,0.0
0.0,0.0,0.0,1.0
0.0,1.0,0.0,0.0
0.666666666667,0.333333333333,0.0,0.0
0.0,0.333333333333,0.0,0.666666666667
0.666666666667,0.0,0.333333333333,0.0
0.333333333333,0.0,0.333333333333,0.333333333333
0.0,0.0,0.0,1.0
0.0,0.0,0.0,1.0
0.333333333333,0.0,0.0,0.666666666667
0.0,0.0,0.0,1.0
0.0,1.0,0.0,0.0
0.0,0.666666666667,0.333333333333,0.0
num:111 
0.0,0.0,1.0,0.0
0.0,0.0,1.0,0.0
0.0,0.0,1.0,0.0
0.666666666667,0.333333333333,0.0,0.0
0.0,0.0,1.0,0.0
0.333333333333,0.0,0.333333333333,0.333333333333
0.0,0.0,0.333333333333,0.666666666667
0.0,0.0,0.0,1.0
0.333333333333,0.666666666667,0.0,0.0
0.0,0.0,0.666666666667,0.333333333333
0.0,0.0,0.0,1.0
0.0,1.0,0.0,0.0
0.0,1.0,0.0,0.0
0.0,0.0,0.0,1.0
0.0,1.0,0.0,0.0
0.0,0.333333333333,0.0,0.666666666667
num:112 
0.0,1.0,0.0,0.0
0.0,0.0,0.0,1.0
0.0,0.666666666667,0.0,0.333333333333
1.0,0.0,0.0,0.0
1.0,0.0,0.0,0.0
0.0,0.0,1.0,0.0
0.0,0.0,1.0,0.0
0.0,0.666666666667,0.0,0.333333333333
0.333333333333,0.333333333333,0.0,0.333333333333
0.333333333333,0.0,0.666666666667,0.0
0.333333333333,0.666666666667,0.0,0.0
0.0,0.0,1.0,0.0
0.0,0.0,1.0,0.0
0.0,0.666666666667,0.0,0.333333333333
0.0,1.0,0.0,0.0
0.333333333333,0.0,0.0,0.666666666667
num:113 
0.0,0.0,1.0,0.0
0.0,0.0,0.0,1.0
0.0,1.0,0.0,0.0
0.0,0.666666666667,0.0,0.333333333333
0.0,0.0,0.0,1.0
0.0,1.0,0.0,0.0
0.0,0.333333333333,0.333333333333,0.333333333333
0.0,0.0,0.0,1.0
0.333333333333,0.666666666667,0.0,0.0
0.0,0.0,0.333333333333,0.666666666667
0.0,0.0,0.333333333333,0.666666666667
0.0,1.0,0.0,0.0
0.0,0.333333333333,0.333333333333,0.333333333333
0.0,0.0,0.0,1.0
0.0,1.0,0.0,0.0
1.0,0.0,0.0,0.0
num:114 
0.0,0.0,0.0,1.0
0.0,0.0,0.0,1.0
0.0,1.0,0.0,0.0
0.0,0.333333333333,0.666666666667,0.0
0.0,0.0,1.0,0.0
0.0,0.666666666667,0.333333333333,0.0
0.333333333333,0.0,0.333333333333,0.333333333333
0.0,0.0,0.0,1.0
0.0,0.666666666667,0.0,0.333333333333
0.333333333333,0.333333333333,0.0,0.333333333333
0.666666666667,0.0,0.0,0.333333333333
0.0,1.0,0.0,0.0
0.0,0.0,0.0,1.0
0.0,0.0,1.0,0.0
0.0,1.0,0.0,0.0
0.0,0.333333333333,0.0,0.666666666667
num:115 
0.666666666667,0.0,0.0,0.333333333333
0.333333333333,0.0,0.0,0.666666666667
0.0,0.0,1.0,0.0
0.0,0.0,1.0,0.0
0.0,1.0,0.0,0.0
0.0,1.0,0.0,0.0
0.0,0.0,1.0,0.0
0.666666666667,0.0,0.0,0.333333333333
0.333333333333,0.333333333333,0.0,0.333333333333
0.666666666667,0.333333333333,0.0,0.0
1.0,0.0,0.0,0.0
0.666666666667,0.333333333333,0.0,0.0
0.0,0.333333333333,0.666666666667,0.0
0.0,0.0,1.0,0.0
1.0,0.0,0.0,0.0
1.0,0.0,0.0,0.0
num:116 
0.0,1.0,0.0,0.0
0.0,0.0,0.0,1.0
0.0,1.0,0.0,0.0
0.0,0.333333333333,0.666666666667,0.0
0.0,0.0,0.0,1.0
0.0,0.0,1.0,0.0
0.0,0.666666666667,0.333333333333,0.0
0.333333333333,0.666666666667,0.0,0.0
0.0,0.666666666667,0.0,0.333333333333
0.0,0.666666666667,0.0,0.333333333333
0.0,0.0,0.333333333333,0.666666666667
0.0,1.0,0.0,0.0
0.0,1.0,0.0,0.0
0.0,0.0,1.0,0.0
0.0,0.333333333333,0.666666666667,0.0
0.0,0.666666666667,0.333333333333,0.0
num:117 
0.0,0.0,1.0,0.0
0.0,1.0,0.0,0.0
0.0,1.0,0.0,0.0
0.0,0.0,0.666666666667,0.333333333333
1.0,0.0,0.0,0.0
0.0,0.0,1.0,0.0
1.0,0.0,0.0,0.0
0.333333333333,0.333333333333,0.333333333333,0.0
0.0,0.333333333333,0.0,0.666666666667
0.0,0.0,1.0,0.0
0.666666666667,0.0,0.0,0.333333333333
0.0,0.666666666667,0.333333333333,0.0
0.0,0.0,0.0,1.0
0.0,1.0,0.0,0.0
0.0,0.333333333333,0.333333333333,0.333333333333
0.0,0.0,0.0,1.0
num:118 
0.666666666667,0.0,0.333333333333,0.0
0.333333333333,0.0,0.666666666667,0.0
0.0,1.0,0.0,0.0
0.0,1.0,0.0,0.0
0.0,1.0,0.0,0.0
0.0,0.0,0.0,1.0
0.0,0.333333333333,0.0,0.666666666667
0.0,0.666666666667,0.333333333333,0.0
0.333333333333,0.0,0.666666666667,0.0
0.0,0.0,1.0,0.0
0.0,0.0,1.0,0.0
0.0,0.666666666667,0.0,0.333333333333
0.0,0.0,1.0,0.0
1.0,0.0,0.0,0.0
0.0,0.333333333333,0.666666666667,0.0
0.0,0.0,1.0,0.0
num:119 
0.0,0.0,0.0,1.0
0.0,0.666666666667,0.333333333333,0.0
0.0,0.0,0.0,1.0
0.0,0.0,0.0,1.0
0.666666666667,0.333333333333,0.0,0.0
0.333333333333,0.333333333333,0.333333333333,0.0
0.333333333333,0.0,0.333333333333,0.333333333333
0.333333333333,0.666666666667,0.0,0.0
0.333333333333,0.0,0.666666666667,0.0
0.0,0.0,0.333333333333,0.666666666667
0.0,1.0,0.0,0.0
0.333333333333,0.0,0.666666666667,0.0
1.0,0.0,0.0,0.0
0.0,0.0,0.0,1.0
0.0,0.0,0.0,1.0
0.0,0.0,0.0,1.0
num:120 
1.0,0.0,0.0,0.0
0.0,0.0,0.0,1.0
0.0,0.666666666667,0.333333333333,0.0
0.0,0.333333333333,0.666666666667,0.0
0.0,0.0,1.0,0.0
0.0,0.666666666667,0.333333333333,0.0
0.333333333333,0.0,0.666666666667,0.0
0.0,0.0,0.0,1.0
0.0,1.0,0.0,0.0
0.666666666667,0.0,0.333333333333,0.0
0.0,1.0,0.0,0.0
0.0,0.333333333333,0.666666666667,0.0
0.0,0.0,0.0,1.0
0.0,0.0,0.0,1.0
1.0,0.0,0.0,0.0
0.0,0.0,0.333333333333,0.666666666667
num:121 
0.0,1.0,0.0,0.0
0.0,0.0,1.0,0.0
0.0,0.0,0.0,1.0
0.0,1.0,0.0,0.0
0.0,1.0,0.0,0.0
0.333333333333,0.0,0.666666666667,0.0
0.333333333333,0.0,0.0,0.666666666667
0.333333333333,0.0,0.0,0.666666666667
0.0,0.0,0.0,1.0
0.333333333333,0.0,0.333333333333,0.333333333333
0.0,1.0,0.0,0.0
0.666666666667,0.333333333333,0.0,0.0
1.0,0.0,0.0,0.0
0.666666666667,0.333333333333,0.0,0.0
1.0,0.0,0.0,0.0
0.333333333333,0.333333333333,0.333333333333,0.0
num:122 
0.666666666667,0.0,0.333333333333,0.0
0.0,0.333333333333,0.666666666667,0.0
0.0,0.0,1.0,0.0
1.0,0.0,0.0,0.0
1.0,0.0,0.0,0.0
0.0,0.0,0.666666666667,0.333333333333
0.0,1.0,0.0,0.0
0.333333333333,0.333333333333,0.0,0.333333333333
0.666666666667,0.333333333333,0.0,0.0
0.333333333333,0.0,0.333333333333,0.333333333333
0.0,0.333333333333,0.0,0.666666666667
0.0,0.0,1.0,0.0
0.0,0.0,1.0,0.0
0.0,1.0,0.0,0.0
0.0,0.0,1.0,0.0
1.0,0.0,0.0,0.0
num:123 
0.0,1.0,0.0,0.0
1.0,0.0,0.0,0.0
0.0,0.333333333333,0.0,0.666666666667
1.0,0.0,0.0,0.0
1.0,0.0,0.0,0.0
0.0,1.0,0.0,0.0
0.666666666667,0.0,0.333333333333,0.0
1.0,0.0,0.0,0.0
0.666666666667,0.0,0.333333333333,0.0
0.333333333333,0.333333333333,0.333333333333,0.0
0.0,0.0,0.666666666667,0.333333333333
0.333333333333,0.666666666667,0.0,0.0
0.0,0.0,0.0,1.0
0.0,0.0,1.0,0.0
1.0,0.0,0.0,0.0
0.0,0.333333333333,0.666666666667,0.0
num:124 
0.333333333333,0.0,0.0,0.666666666667
0.0,0.0,0.666666666667,0.333333333333
1.0,0.0,0.0,0.0
0.0,0.0,1.0,0.0
0.0,0.0,0.0,1.0
0.0,0.666666666667,0.333333333333,0.0
0.666666666667,0.0,0.0,0.333333333333
0.0,0.333333333333,0.0,0.666666666667
0.666666666667,0.0,0.0,0.333333333333
1.0,0.0,0.0,0.0
0.0,1.0,0.0,0.0
0.0,0.0,1.0,0.0
0.666666666667,0.0,0.333333333333,0.0
0.0,0.0,0.0,1.0
0.0,1.0,0.0,0.0
0.666666666667,0.0,0.0,0.333333333333
num:125 
0.333333333333,0.0,0.0,0.666666666667
0.0,0.0,1.0,0.0
0.666666666667,0.0,0.0,0.333333333333
0.0,0.333333333333,0.0,0.666666666667
0.0,0.333333333333,0.666666666667,0.0
1.0,0.0,0.0,0.0
1.0,0.0,0.0,0.0
1.0,0.0,0.0,0.0
0.333333333333,0.333333333333,0.0,0.333333333333
0.333333333333,0.666666666667,0.0,0.0
1.0,0.0,0.0,0.0
1.0,0.0,0.0,0.0
1.0,0.0,0.0,0.0
0.0,1.0,0.0,0.0
0.0,0.0,1.0,0.0
1.0,0.0,0.0,0.0
num:126 
0.0,0.0,0.0,1.0
0.333333333333,0.333333333333,0.0,0.333333333333
0.333333333333,0.666666666667,0.0,0.0
0.0,0.0,1.0,0.0
0.0,1.0,0.0,0.0
0.0,0.0,1.0,0.0
0.0,0.333333333333,0.666666666667,0.0
0.0,0.333333333333,0.333333333333,0.333333333333
0.0,0.0,0.666666666667,0.333333333333
0.666666666667,0.0,0.333333333333,0.0
0.333333333333,0.0,0.0,0.666666666667
0.0,0.0,1.0,0.0
0.0,0.0,1.0,0.0
0.0,1.0,0.0,0.0
0.0,1.0,0.0,0.0
0.0,0.0,1.0,0.0
num:127 
0.0,0.0,0.0,1.0
0.333333333333,0.0,0.0,0.666666666667
0.0,1.0,0.0,0.0
0.0,0.333333333333,0.0,0.666666666667
0.0,0.0,0.0,1.0
0.0,0.0,0.0,1.0
0.0,0.333333333333,0.666666666667,0.0
0.0,0.0,0.333333333333,0.666666666667
0.0,0.0,0.333333333333,0.666666666667
0.333333333333,0.666666666667,0.0,0.0
0.666666666667,0.0,0.0,0.333333333333
0.0,0.0,0.0,1.0
1.0,0.0,0.0,0.0
1.0,0.0,0.0,0.0
0.666666666667,0.0,0.0,0.333333333333
0.0,1.0,0.0,0.0
num:128 
0.0,1.0,0.0,0.0
0.333333333333,0.666666666667,0.0,0.0
0.666666666667,0.0,0.333333333333,0.0
0.0,1.0,0.0,0.0
0.666666666667,0.0,0.0,0.333333333333
0.0,0.0,0.0,1.0
0.0,1.0,0.0,0.0
0.0,0.0,1.0,0.0
1.0,0.0,0.0,0.0
0.333333333333,0.333333333333,0.0,0.333333333333
0.333333333333,0.333333333333,0.0,0.333333333333
1.0,0.0,0.0,0.0
0.333333333333,0.333333333333,0.333333333333,0.0
1.0,0.0,0.0,0.0
1.0,0.0,0.0,0.0
0.0,1.0,0.0,0.0
num:129 
1.0,0.0,0.0,0.0
1.0,0.0,0.0,0.0
0.0,0.0,1.0,0.0
0.0,1.0,0.0,0.0
0.333333333333,0.0,0.0,0.666666666667
0.0,0.0,0.0,1.0
0.333333333333,0.333333333333,0.0,0.333333333333
0.333333333333,0.666666666667,0.0,0.0
0.0,0.666666666667,0.333333333333,0.0
0.333333333333,0.333333333333,0.0,0.333333333333
0.0,1.0,0.0,0.0
1.0,0.0,0.0,0.0
1.0,0.0,0.0,0.0
0.666666666667,0.0,0.0,0.333333333333
1.0,0.0,0.0,0.0
0.0,0.0,0.0,1.0
num:130 
0.0,0.0,0.0,1.0
0.0,0.0,1.0,0.0
0.0,0.666666666667,0.333333333333,0.0
0.0,0.0,0.0,1.0
0.0,0.333333333333,0.0,0.666666666667
0.0,0.0,0.666666666667,0.333333333333
0.0,0.333333333333,0.333333333333,0.333333333333
0.0,0.0,1.0,0.0
0.0,0.333333333333,0.0,0.666666666667
0.0,1.0,0.0,0.0
0.0,0.0,1.0,0.0
0.333333333333,0.666666666667,0.0,0.0
0.0,0.0,1.0,0.0
0.0,1.0,0.0,0.0
0.0,0.0,1.0,0.0
0.333333333333,0.0,0.0,0.666666666667
num:131 
0.0,0.0,1.0,0.0
0.0,0.0,0.0,1.0
0.0,1.0,0.0,0.0
0.333333333333,0.0,0.666666666667,0.0
0.0,0.0,0.0,1.0
0.0,1.0,0.0,0.0
1.0,0.0,0.0,0.0
0.0,0.0,1.0,0.0
1.0,0.0,0.0,0.0
0.666666666667,0.0,0.0,0.333333333333
1.0,0.0,0.0,0.0
0.666666666667,0.333333333333,0.0,0.0
0.0,0.333333333333,0.666666666667,0.0
0.0,0.0,0.0,1.0
0.0,1.0,0.0,0.0
0.0,0.0,0.333333333333,0.666666666667
num:132 
1.0,0.0,0.0,0.0
0.666666666667,0.0,0.333333333333,0.0
0.0,0.0,0.333333333333,0.666666666667
1.0,0.0,0.0,0.0
0.333333333333,0.0,0.0,0.666666666667
0.0,0.0,1.0,0.0
0.0,0.666666666667,0.333333333333,0.0
0.0,0.333333333333,0.666666666667,0.0
0.333333333333,0.0,0.333333333333,0.333333333333
0.0,0.0,0.333333333333,0.666666666667
0.333333333333,0.0,0.666666666667,0.0
0.0,0.0,0.0,1.0
0.0,1.0,0.0,0.0
1.0,0.0,0.0,0.0
0.0,0.0,0.0,1.0
0.0,1.0,0.0,0.0
num:133 
0.666666666667,0.0,0.333333333333,0.0
0.0,0.0,0.0,1.0
0.0,0.666666666667,0.0,0.333333333333
0.0,1.0,0.0,0.0
0.0,0.0,1.0,0.0
0.333333333333,0.0,0.333333333333,0.333333333333
0.333333333333,0.0,0.666666666667,0.0
0.333333333333,0.0,0.333333333333,0.333333333333
0.333333333333,0.0,0.666666666667,0.0
0.666666666667,0.0,0.0,0.333333333333
0.0,0.0,0.666666666667,0.333333333333
0.0,0.0,1.0,0.0
0.0,0.0,0.0,1.0
0.0,1.0,0.0,0.0
0.0,1.0,0.0,0.0
0.0,0.0,1.0,0.0
num:134 
0.0,0.0,0.666666666667,0.333333333333
1.0,0.0,0.0,0.0
0.666666666667,0.333333333333,0.0,0.0
0.0,0.0,1.0,0.0
0.333333333333,0.0,0.666666666667,0.0
0.0,0.0,0.0,1.0
0.0,1.0,0.0,0.0
0.0,0.0,1.0,0.0
0.333333333333,0.0,0.333333333333,0.333333333333
0.0,0.333333333333,0.333333333333,0.333333333333
0.0,1.0,0.0,0.0
1.0,0.0,0.0,0.0
0.0,0.0,0.0,1.0
0.0,1.0,0.0,0.0
0.0,1.0,0.0,0.0
0.0,0.0,1.0,0.0
num:135 
0.0,0.0,0.0,1.0
0.0,0.0,0.0,1.0
0.0,0.0,0.0,1.0
0.666666666667,0.333333333333,0.0,0.0
0.333333333333,0.0,0.333333333333,0.333333333333
0.0,0.333333333333,0.0,0.666666666667
0.0,1.0,0.0,0.0
0.333333333333,0.333333333333,0.0,0.333333333333
0.0,1.0,0.0,0.0
0.0,0.0,0.0,1.0
1.0,0.0,0.0,0.0
1.0,0.0,0.0,0.0
1.0,0.0,0.0,0.0
0.333333333333,0.0,0.666666666667,0.0
0.0,0.0,1.0,0.0
0.0,1.0,0.0,0.0
num:136 
0.333333333333,0.0,0.666666666667,0.0
0.0,1.0,0.0,0.0
0.0,0.0,0.0,1.0
0.0,0.0,1.0,0.0
1.0,0.0,0.0,0.0
0.0,0.333333333333,0.333333333333,0.333333333333
0.0,0.666666666667,0.333333333333,0.0
0.666666666667,0.0,0.0,0.333333333333
0.666666666667,0.0,0.333333333333,0.0
0.0,0.333333333333,0.333333333333,0.333333333333
0.0,0.0,0.0,1.0
0.0,0.0,0.0,1.0
0.0,0.666666666667,0.0,0.333333333333
1.0,0.0,0.0,0.0
1.0,0.0,0.0,0.0
0.0,0.0,0.666666666667,0.333333333333
num:137 
1.0,0.0,0.0,0.0
1.0,0.0,0.0,0.0
0.0,0.0,1.0,0.0
0.0,0.0,1.0,0.0
0.0,1.0,0.0,0.0
0.0,0.0,0.0,1.0
0.666666666667,0.0,0.333333333333,0.0
0.0,0.0,0.666666666667,0.333333333333
0.333333333333,0.333333333333,0.0,0.333333333333
0.0,0.333333333333,0.0,0.666666666667
0.333333333333,0.0,0.0,0.666666666667
1.0,0.0,0.0,0.0
1.0,0.0,0.0,0.0
1.0,0.0,0.0,0.0
0.0,0.333333333333,0.333333333333,0.333333333333
0.0,0.333333333333,0.666666666667,0.0
num:138 
0.0,0.0,1.0,0.0
0.333333333333,0.333333333333,0.333333333333,0.0
1.0,0.0,0.0,0.0
0.0,0.0,1.0,0.0
1.0,0.0,0.0,0.0
0.333333333333,0.666666666667,0.0,0.0
0.333333333333,0.333333333333,0.0,0.333333333333
0.666666666667,0.0,0.0,0.333333333333
0.333333333333,0.666666666667,0.0,0.0
0.0,0.0,0.0,1.0
0.0,0.666666666667,0.333333333333,0.0
0.0,0.0,0.0,1.0
0.0,0.0,1.0,0.0
1.0,0.0,0.0,0.0
0.0,0.0,0.0,1.0
0.666666666667,0.0,0.0,0.333333333333
num:139 
0.0,0.0,1.0,0.0
0.0,0.0,1.0,0.0
1.0,0.0,0.0,0.0
0.333333333333,0.666666666667,0.0,0.0
0.0,0.0,1.0,0.0
1.0,0.0,0.0,0.0
0.333333333333,0.666666666667,0.0,0.0
1.0,0.0,0.0,0.0
0.0,0.666666666667,0.0,0.333333333333
0.333333333333,0.666666666667,0.0,0.0
0.0,0.0,0.333333333333,0.666666666667
0.333333333333,0.0,0.333333333333,0.333333333333
1.0,0.0,0.0,0.0
1.0,0.0,0.0,0.0
0.666666666667,0.333333333333,0.0,0.0
0.0,0.0,1.0,0.0
num:140 
0.0,1.0,0.0,0.0
0.0,1.0,0.0,0.0
0.0,0.0,1.0,0.0
0.0,0.333333333333,0.0,0.666666666667
0.0,0.0,0.0,1.0
0.333333333333,0.0,0.0,0.666666666667
0.0,1.0,0.0,0.0
0.0,0.0,0.333333333333,0.666666666667
0.666666666667,0.333333333333,0.0,0.0
0.333333333333,0.0,0.333333333333,0.333333333333
0.666666666667,0.333333333333,0.0,0.0
0.0,0.0,1.0,0.0
0.666666666667,0.333333333333,0.0,0.0
0.0,1.0,0.0,0.0
0.0,0.0,1.0,0.0
1.0,0.0,0.0,0.0
num:141 
0.0,0.666666666667,0.333333333333,0.0
0.666666666667,0.0,0.333333333333,0.0
1.0,0.0,0.0,0.0
0.0,0.0,1.0,0.0
0.0,1.0,0.0,0.0
1.0,0.0,0.0,0.0
0.0,0.0,0.333333333333,0.666666666667
0.666666666667,0.0,0.333333333333,0.0
0.0,0.666666666667,0.0,0.333333333333
0.0,0.0,1.0,0.0
0.0,0.666666666667,0.333333333333,0.0
0.0,0.0,1.0,0.0
0.333333333333,0.0,0.333333333333,0.333333333333
0.0,1.0,0.0,0.0
1.0,0.0,0.0,0.0
0.0,0.0,0.0,1.0
num:142 
0.0,1.0,0.0,0.0
0.0,0.0,1.0,0.0
0.0,0.0,1.0,0.0
0.333333333333,0.0,0.0,0.666666666667
0.0,0.0,0.0,1.0
0.666666666667,0.0,0.0,0.333333333333
0.333333333333,0.0,0.333333333333,0.333333333333
0.333333333333,0.333333333333,0.333333333333,0.0
0.666666666667,0.333333333333,0.0,0.0
1.0,0.0,0.0,0.0
0.0,0.666666666667,0.333333333333,0.0
0.0,0.0,1.0,0.0
0.0,0.333333333333,0.0,0.666666666667
0.0,1.0,0.0,0.0
0.0,1.0,0.0,0.0
0.0,0.0,0.0,1.0
num:143 
0.0,0.0,0.0,1.0
0.0,0.0,0.0,1.0
0.0,1.0,0.0,0.0
0.333333333333,0.0,0.666666666667,0.0
1.0,0.0,0.0,0.0
0.0,0.0,0.666666666667,0.333333333333
0.333333333333,0.333333333333,0.0,0.333333333333
0.666666666667,0.333333333333,0.0,0.0
0.333333333333,0.333333333333,0.333333333333,0.0
1.0,0.0,0.0,0.0
0.666666666667,0.333333333333,0.0,0.0
0.0,0.333333333333,0.666666666667,0.0
0.0,1.0,0.0,0.0
0.0,0.0,0.0,1.0
0.0,0.0,1.0,0.0
1.0,0.0,0.0,0.0
num:144 
1.0,0.0,0.0,0.0
0.0,0.0,1.0,0.0
0.0,1.0,0.0,0.0
0.0,0.333333333333,0.333333333333,0.333333333333
1.0,0.0,0.0,0.0
0.333333333333,0.0,0.666666666667,0.0
0.0,0.333333333333,0.0,0.666666666667
0.0,1.0,0.0,0.0
0.0,0.666666666667,0.333333333333,0.0
0.0,0.0,0.0,1.0
0.0,0.333333333333,0.666666666667,0.0
0.0,1.0,0.0,0.0
0.0,0.0,0.333333333333,0.666666666667
0.0,1.0,0.0,0.0
0.0,0.0,1.0,0.0
0.0,0.0,0.0,1.0
num:145 
0.666666666667,0.333333333333,0.0,0.0
0.333333333333,0.0,0.333333333333,0.333333333333
0.0,1.0,0.0,0.0
0.0,1.0,0.0,0.0
0.0,0.0,1.0,0.0
0.333333333333,0.666666666667,0.0,0.0
0.0,1.0,0.0,0.0
0.0,0.0,1.0,0.0
0.666666666667,0.0,0.0,0.333333333333
0.333333333333,0.666666666667,0.0,0.0
1.0,0.0,0.0,0.0
0.0,1.0,0.0,0.0
1.0,0.0,0.0,0.0
0.0,0.0,1.0,0.0
0.333333333333,0.333333333333,0.0,0.333333333333
0.0,0.0,0.0,1.0
num:146 
0.0,1.0,0.0,0.0
0.0,0.0,0.0,1.0
0.0,0.0,0.0,1.0
0.666666666667,0.0,0.0,0.333333333333
0.666666666667,0.0,0.0,0.333333333333
0.0,0.0,0.0,1.0
0.666666666667,0.0,0.333333333333,0.0
1.0,0.0,0.0,0.0
0.0,0.333333333333,0.666666666667,0.0
0.0,0.333333333333,0.333333333333,0.333333333333
0.333333333333,0.333333333333,0.333333333333,0.0
0.0,0.0,1.0,0.0
0.0,0.666666666667,0.0,0.333333333333
1.0,0.0,0.0,0.0
0.0,0.0,0.0,1.0
0.0,1.0,0.0,0.0
num:147 
0.0,0.0,1.0,0.0
0.0,1.0,0.0,0.0
0.0,0.333333333333,0.0,0.666666666667
0.0,0.0,0.0,1.0
0.0,0.0,0.0,1.0
0.0,1.0,0.0,0.0
0.0,0.0,0.333333333333,0.666666666667
0.0,0.333333333333,0.666666666667,0.0
0.333333333333,0.0,0.666666666667,0.0
0.666666666667,0.0,0.0,0.333333333333
0.0,0.0,0.0,1.0
0.0,0.666666666667,0.333333333333,0.0
0.0,0.0,1.0,0.0
0.0,0.0,1.0,0.0
0.333333333333,0.0,0.666666666667,0.0
0.0,1.0,0.0,0.0
num:148 
0.0,0.0,1.0,0.0
0.0,1.0,0.0,0.0
1.0,0.0,0.0,0.0
0.0,0.0,0.0,1.0
0.0,0.0,0.333333333333,0.666666666667
0.0,0.333333333333,0.0,0.666666666667
0.333333333333,0.333333333333,0.333333333333,0.0
0.0,0.333333333333,0.666666666667,0.0
0.333333333333,0.666666666667,0.0,0.0
0.0,0.0,1.0,0.0
0.0,0.0,1.0,0.0
0.0,0.333333333333,0.333333333333,0.333333333333
0.0,1.0,0.0,0.0
0.0,1.0,0.0,0.0
1.0,0.0,0.0,0.0
0.0,0.0,0.0,1.0
num:149 
0.0,0.0,0.0,1.0
0.0,0.0,0.333333333333,0.666666666667
0.0,0.333333333333,0.0,0.666666666667
0.0,1.0,0.0,0.0
0.0,0.0,1.0,0.0
0.0,1.0,0.0,0.0
0.333333333333,0.666666666667,0.0,0.0
0.0,0.0,0.333333333333,0.666666666667
0.0,0.0,0.0,1.0
0.0,0.666666666667,0.0,0.333333333333
0.0,0.666666666667,0.0,0.333333333333
0.0,0.666666666667,0.333333333333,0.0
0.0,1.0,0.0,0.0
1.0,0.0,0.0,0.0
1.0,0.0,0.0,0.0
0.0,1.0,0.0,0.0
num:150 
0.0,0.0,1.0,0.0
0.0,0.0,0.0,1.0
0.0,0.666666666667,0.333333333333,0.0
0.0,0.333333333333,0.333333333333,0.333333333333
0.0,0.0,1.0,0.0
0.0,1.0,0.0,0.0
0.666666666667,0.0,0.333333333333,0.0
0.666666666667,0.0,0.333333333333,0.0
0.0,0.333333333333,0.0,0.666666666667
0.0,0.0,0.0,1.0
0.0,0.666666666667,0.0,0.333333333333
0.0,0.0,1.0,0.0
0.0,0.0,0.0,1.0
0.0,1.0,0.0,0.0
0.0,1.0,0.0,0.0
1.0,0.0,0.0,0.0
num:151 
0.0,0.0,0.0,1.0
0.0,0.333333333333,0.666666666667,0.0
0.0,0.0,1.0,0.0
0.0,0.0,1.0,0.0
0.0,1.0,0.0,0.0
0.0,0.0,0.666666666667,0.333333333333
0.0,0.333333333333,0.666666666667,0.0
1.0,0.0,0.0,0.0
0.666666666667,0.0,0.333333333333,0.0
0.0,0.666666666667,0.0,0.333333333333
1.0,0.0,0.0,0.0
0.0,0.0,1.0,0.0
0.0,1.0,0.0,0.0
0.0,0.666666666667,0.0,0.333333333333
0.0,0.0,0.0,1.0
0.0,0.0,0.0,1.0
num:152 
0.0,1.0,0.0,0.0
0.333333333333,0.333333333333,0.333333333333,0.0
0.0,0.0,1.0,0.0
0.0,0.0,0.666666666667,0.333333333333
0.333333333333,0.0,0.666666666667,0.0
0.0,0.0,0.0,1.0
0.0,1.0,0.0,0.0
0.0,0.0,1.0,0.0
0.333333333333,0.0,0.666666666667,0.0
0.333333333333,0.333333333333,0.333333333333,0.0
0.0,1.0,0.0,0.0
1.0,0.0,0.0,0.0
1.0,0.0,0.0,0.0
1.0,0.0,0.0,0.0
1.0,0.0,0.0,0.0
0.0,0.666666666667,0.0,0.333333333333
num:153 
0.0,0.0,0.0,1.0
0.0,0.0,0.0,1.0
0.0,0.0,0.0,1.0
0.666666666667,0.333333333333,0.0,0.0
0.0,0.0,0.0,1.0
0.0,0.333333333333,0.333333333333,0.333333333333
0.333333333333,0.333333333333,0.0,0.333333333333
0.333333333333,0.0,0.0,0.666666666667
0.333333333333,0.333333333333,0.333333333333,0.0
0.333333333333,0.0,0.333333333333,0.333333333333
0.0,0.0,0.333333333333,0.666666666667
0.0,1.0,0.0,0.0
1.0,0.0,0.0,0.0
0.0,0.0,0.0,1.0
0.0,1.0,0.0,0.0
1.0,0.0,0.0,0.0
num:154 
0.0,0.0,0.0,1.0
0.0,0.0,0.0,1.0
1.0,0.0,0.0,0.0
0.0,0.0,0.0,1.0
0.0,0.0,1.0,0.0
0.666666666667,0.0,0.333333333333,0.0
0.333333333333,0.666666666667,0.0,0.0
0.333333333333,0.333333333333,0.0,0.333333333333
0.333333333333,0.0,0.666666666667,0.0
0.333333333333,0.0,0.666666666667,0.0
0.0,0.0,0.0,1.0
1.0,0.0,0.0,0.0
0.0,0.0,1.0,0.0
0.333333333333,0.333333333333,0.0,0.333333333333
0.0,0.333333333333,0.333333333333,0.333333333333
0.0,0.0,0.0,1.0
num:155 
0.0,1.0,0.0,0.0
0.0,1.0,0.0,0.0
0.0,0.0,1.0,0.0
0.0,1.0,0.0,0.0
0.0,0.0,0.0,1.0
0.0,0.0,0.0,1.0
0.333333333333,0.0,0.0,0.666666666667
0.666666666667,0.0,0.0,0.333333333333
0.0,0.0,1.0,0.0
0.0,0.666666666667,0.0,0.333333333333
0.0,0.0,1.0,0.0
0.0,0.0,1.0,0.0
0.0,1.0,0.0,0.0
0.0,0.0,1.0,0.0
0.666666666667,0.0,0.0,0.333333333333
0.0,0.0,0.333333333333,0.666666666667
num:156 
0.0,0.0,1.0,0.0
0.0,0.0,1.0,0.0
0.0,0.0,0.0,1.0
0.0,1.0,0.0,0.0
1.0,0.0,0.0,0.0
0.0,0.0,0.0,1.0
0.333333333333,0.666666666667,0.0,0.0
1.0,0.0,0.0,0.0
0.0,0.666666666667,0.0,0.333333333333
0.333333333333,0.333333333333,0.333333333333,0.0
0.0,0.666666666667,0.0,0.333333333333
0.333333333333,0.0,0.333333333333,0.333333333333
1.0,0.0,0.0,0.0
0.0,1.0,0.0,0.0
0.0,0.0,1.0,0.0
0.333333333333,0.666666666667,0.0,0.0
num:157 
0.0,1.0,0.0,0.0
0.333333333333,0.0,0.333333333333,0.333333333333
0.0,1.0,0.0,0.0
1.0,0.0,0.0,0.0
0.0,0.0,0.0,1.0
0.333333333333,0.666666666667,0.0,0.0
1.0,0.0,0.0,0.0
0.0,0.666666666667,0.0,0.333333333333
0.0,0.333333333333,0.666666666667,0.0
0.0,0.333333333333,0.666666666667,0.0
0.0,0.333333333333,0.333333333333,0.333333333333
0.0,0.0,0.0,1.0
0.0,0.0,0.0,1.0
0.666666666667,0.0,0.333333333333,0.0
1.0,0.0,0.0,0.0
0.0,0.0,0.0,1.0
num:158 
0.0,0.0,0.666666666667,0.333333333333
0.0,1.0,0.0,0.0
0.0,0.0,1.0,0.0
0.0,0.0,1.0,0.0
0.666666666667,0.0,0.0,0.333333333333
0.0,1.0,0.0,0.0
0.333333333333,0.0,0.0,0.666666666667
0.0,0.0,0.0,1.0
0.333333333333,0.333333333333,0.333333333333,0.0
0.0,0.0,0.666666666667,0.333333333333
0.0,1.0,0.0,0.0
0.666666666667,0.0,0.0,0.333333333333
0.333333333333,0.0,0.666666666667,0.0
0.0,1.0,0.0,0.0
0.0,0.0,1.0,0.0
0.0,0.0,0.0,1.0
num:159 
0.0,1.0,0.0,0.0
0.0,1.0,0.0,0.0
1.0,0.0,0.0,0.0
0.333333333333,0.333333333333,0.0,0.333333333333
0.0,0.666666666667,0.0,0.333333333333
0.0,0.0,0.0,1.0
0.333333333333,0.0,0.0,0.666666666667
1.0,0.0,0.0,0.0
0.333333333333,0.0,0.666666666667,0.0
0.333333333333,0.333333333333,0.0,0.333333333333
0.0,0.666666666667,0.333333333333,0.0
0.666666666667,0.0,0.0,0.333333333333
0.0,0.0,1.0,0.0
0.0,1.0,0.0,0.0
0.0,0.0,0.0,1.0
0.0,0.0,0.0,1.0
num:160 
0.0,0.0,1.0,0.0
0.0,0.5,0.0,0.5
0.0,0.0,0.0,1.0
0.5,0.25,0.25,0.0
0.0,1.0,0.0,0.0
0.0,0.0,1.0,0.0
0.0,0.75,0.0,0.25
0.0,0.0,0.5,0.5
0.75,0.0,0.0,0.25
0.0,0.25,0.0,0.75
0.0,0.0,1.0,0.0
1.0,0.0,0.0,0.0
0.0,1.0,0.0,0.0
0.0,1.0,0.0,0.0
0.0,0.0,1.0,0.0
0.666666666667,0.0,0.333333333333,0.0
num:161 
1.0,0.0,0.0,0.0
1.0,0.0,0.0,0.0
0.0,1.0,0.0,0.0
1.0,0.0,0.0,0.0
0.75,0.0,0.0,0.25
1.0,0.0,0.0,0.0
0.75,0.0,0.25,0.0
0.0,0.0,0.5,0.5
0.25,0.75,0.0,0.0
0.0,0.25,0.0,0.75
0.0,0.0,1.0,0.0
0.75,0.0,0.0,0.25
0.0,0.0,1.0,0.0
0.75,0.0,0.0,0.25
0.0,0.0,1.0,0.0
0.25,0.25,0.0,0.5
num:162 
0.0,0.0,0.0,1.0
0.0,1.0,0.0,0.0
0.0,0.333333333333,0.666666666667,0.0
0.0,0.0,1.0,0.0
0.333333333333,0.666666666667,0.0,0.0
0.0,0.333333333333,0.0,0.666666666667
0.0,0.0,0.0,1.0
0.0,1.0,0.0,0.0
0.333333333333,0.333333333333,0.0,0.333333333333
0.333333333333,0.0,0.333333333333,0.333333333333
0.0,1.0,0.0,0.0
0.0,0.0,0.0,1.0
0.0,1.0,0.0,0.0
0.0,1.0,0.0,0.0
0.333333333333,0.0,0.0,0.666666666667
0.333333333333,0.666666666667,0.0,0.0
num:163 
0.0,0.0,1.0,0.0
0.0,1.0,0.0,0.0
0.25,0.0,0.5,0.25
0.0,0.0,0.0,1.0
0.0,1.0,0.0,0.0
0.25,0.0,0.75,0.0
0.25,0.0,0.5,0.25
0.0,1.0,0.0,0.0
0.25,0.5,0.0,0.25
0.0,0.0,1.0,0.0
1.0,0.0,0.0,0.0
0.25,0.25,0.0,0.5
1.0,0.0,0.0,0.0
1.0,0.0,0.0,0.0
0.5,0.25,0.25,0.0
0.75,0.0,0.0,0.25
num:164 
0.0,1.0,0.0,0.0
0.0,0.0,1.0,0.0
0.0,1.0,0.0,0.0
0.0,0.333333333333,0.666666666667,0.0
0.0,0.0,1.0,0.0
0.0,1.0,0.0,0.0
0.0,1.0,0.0,0.0
0.333333333333,0.333333333333,0.0,0.333333333333
0.333333333333,0.333333333333,0.0,0.333333333333
0.333333333333,0.0,0.333333333333,0.333333333333
0.333333333333,0.0,0.666666666667,0.0
1.0,0.0,0.0,0.0
0.0,0.0,1.0,0.0
0.0,0.0,1.0,0.0
0.333333333333,0.333333333333,0.0,0.333333333333
0.0,0.666666666667,0.333333333333,0.0
num:165 
0.0,1.0,0.0,0.0
0.0,0.0,1.0,0.0
0.0,1.0,0.0,0.0
0.333333333333,0.0,0.0,0.666666666667
0.0,0.0,1.0,0.0
0.666666666667,0.0,0.333333333333,0.0
0.666666666667,0.333333333333,0.0,0.0
0.0,0.0,0.333333333333,0.666666666667
0.333333333333,0.0,0.333333333333,0.333333333333
0.0,0.666666666667,0.333333333333,0.0
0.0,0.666666666667,0.333333333333,0.0
0.0,0.333333333333,0.666666666667,0.0
0.0,1.0,0.0,0.0
0.0,0.333333333333,0.666666666667,0.0
0.0,0.666666666667,0.333333333333,0.0
0.666666666667,0.333333333333,0.0,0.0
num:166 
0.25,0.75,0.0,0.0
0.0,0.0,1.0,0.0
0.0,0.25,0.0,0.75
0.0,0.0,1.0,0.0
0.5,0.25,0.0,0.25
0.25,0.0,0.75,0.0
0.5,0.25,0.25,0.0
0.25,0.0,0.5,0.25
0.0,0.5,0.25,0.25
0.25,0.0,0.75,0.0
0.75,0.0,0.0,0.25
0.0,0.0,0.25,0.75
0.25,0.0,0.75,0.0
0.75,0.0,0.0,0.25
0.0,0.25,0.25,0.5
0.25,0.0,0.0,0.75
num:167 
0.333333333333,0.0,0.0,0.666666666667
0.0,0.0,1.0,0.0
1.0,0.0,0.0,0.0
0.0,1.0,0.0,0.0
0.0,0.333333333333,0.666666666667,0.0
0.0,1.0,0.0,0.0
0.0,1.0,0.0,0.0
0.333333333333,0.0,0.666666666667,0.0
0.0,1.0,0.0,0.0
0.333333333333,0.0,0.666666666667,0.0
1.0,0.0,0.0,0.0
0.0,0.333333333333,0.0,0.666666666667
0.0,0.0,1.0,0.0
0.333333333333,0.0,0.0,0.666666666667
0.0,1.0,0.0,0.0
0.0,1.0,0.0,0.0
num:168 
0.0,0.285714285714,0.142857142857,0.571428571429
0.0,0.0,0.857142857143,0.142857142857
0.142857142857,0.0,0.0,0.857142857143
0.0,0.0,0.0,1.0
0.857142857143,0.0,0.142857142857,0.0
0.0,0.0,0.142857142857,0.857142857143
0.0,0.142857142857,0.857142857143,0.0
0.571428571429,0.142857142857,0.285714285714,0.0
0.0,0.857142857143,0.142857142857,0.0
0.142857142857,0.714285714286,0.142857142857,0.0
0.0,0.0,0.857142857143,0.142857142857
0.142857142857,0.0,0.857142857143,0.0
0.0,0.0,0.142857142857,0.857142857143
1.0,0.0,0.0,0.0
0.142857142857,0.0,0.857142857143,0.0
0.666666666667,0.333333333333,0.0,0.0
num:169 
0.0,0.0,0.0,1.0
0.0,0.0,1.0,0.0
0.0,1.0,0.0,0.0
0.0,0.0,0.333333333333,0.666666666667
0.0,0.0,1.0,0.0
0.333333333333,0.333333333333,0.0,0.333333333333
0.0,0.666666666667,0.333333333333,0.0
0.0,0.333333333333,0.666666666667,0.0
0.0,0.0,0.0,1.0
0.0,0.333333333333,0.0,0.666666666667
0.0,0.333333333333,0.666666666667,0.0
0.0,1.0,0.0,0.0
0.0,0.0,1.0,0.0
0.666666666667,0.333333333333,0.0,0.0
1.0,0.0,0.0,0.0
1.0,0.0,0.0,0.0
num:170 
0.0,0.75,0.0,0.25
0.25,0.25,0.25,0.25
0.0,0.25,0.75,0.0
0.0,1.0,0.0,0.0
0.25,0.0,0.5,0.25
0.0,0.75,0.25,0.0
0.0,0.75,0.0,0.25
0.0,0.0,1.0,0.0
0.25,0.5,0.0,0.25
0.0,0.5,0.5,0.0
0.0,0.25,0.25,0.5
0.0,0.75,0.25,0.0
0.0,1.0,0.0,0.0
0.0,0.0,1.0,0.0
0.0,1.0,0.0,0.0
0.0,0.0,0.75,0.25
num:171 
1.0,0.0,0.0,0.0
0.0,0.0,0.0,1.0
0.0,0.0,1.0,0.0
1.0,0.0,0.0,0.0
0.0,1.0,0.0,0.0
0.0,1.0,0.0,0.0
0.0,0.0,1.0,0.0
0.333333333333,0.0,0.333333333333,0.333333333333
0.0,0.333333333333,0.333333333333,0.333333333333
0.0,0.0,0.666666666667,0.333333333333
0.0,0.333333333333,0.0,0.666666666667
0.0,1.0,0.0,0.0
0.0,0.0,0.0,1.0
0.0,0.0,0.0,1.0
0.0,0.333333333333,0.0,0.666666666667
0.0,0.333333333333,0.0,0.666666666667
num:172 
1.0,0.0,0.0,0.0
0.0,0.0,1.0,0.0
0.0,1.0,0.0,0.0
1.0,0.0,0.0,0.0
1.0,0.0,0.0,0.0
1.0,0.0,0.0,0.0
0.333333333333,0.0,0.666666666667,0.0
0.333333333333,0.333333333333,0.333333333333,0.0
0.333333333333,0.0,0.333333333333,0.333333333333
0.333333333333,0.0,0.333333333333,0.333333333333
0.0,0.0,1.0,0.0
0.333333333333,0.666666666667,0.0,0.0
0.666666666667,0.0,0.333333333333,0.0
0.0,0.0,0.666666666667,0.333333333333
0.0,0.0,1.0,0.0
0.0,0.0,0.0,1.0
num:173 
0.0,0.0,0.0,1.0
0.0,0.0,0.0,1.0
0.0,1.0,0.0,0.0
0.0,0.0,0.0,1.0
1.0,0.0,0.0,0.0
0.0,1.0,0.0,0.0
0.0,1.0,0.0,0.0
0.0,0.333333333333,0.666666666667,0.0
0.0,0.0,1.0,0.0
0.0,0.666666666667,0.0,0.333333333333
0.0,1.0,0.0,0.0
1.0,0.0,0.0,0.0
0.0,0.0,0.0,1.0
1.0,0.0,0.0,0.0
1.0,0.0,0.0,0.0
0.0,1.0,0.0,0.0
num:174 
0.0,1.0,0.0,0.0
0.0,0.166666666667,0.0,0.833333333333
1.0,0.0,0.0,0.0
0.0,1.0,0.0,0.0
0.0,1.0,0.0,0.0
0.0,0.0,0.833333333333,0.166666666667
0.0,0.0,1.0,0.0
0.166666666667,0.5,0.0,0.333333333333
0.0,1.0,0.0,0.0
0.833333333333,0.166666666667,0.0,0.0
0.0,0.0,0.333333333333,0.666666666667
1.0,0.0,0.0,0.0
1.0,0.0,0.0,0.0
0.0,1.0,0.0,0.0
0.333333333333,0.166666666667,0.5,0.0
0.0,0.5,0.5,0.0
num:175 
0.0,0.0,1.0,0.0
0.0,0.0,1.0,0.0
1.0,0.0,0.0,0.0
1.0,0.0,0.0,0.0
0.0,0.0,1.0,0.0
0.333333333333,0.666666666667,0.0,0.0
0.333333333333,0.0,0.666666666667,0.0
0.0,0.0,0.666666666667,0.333333333333
0.0,0.0,0.333333333333,0.666666666667
0.0,0.333333333333,0.0,0.666666666667
0.333333333333,0.666666666667,0.0,0.0
0.0,0.666666666667,0.333333333333,0.0
0.0,0.0,1.0,0.0
0.0,1.0,0.0,0.0
0.0,0.0,0.666666666667,0.333333333333
0.0,0.0,0.0,1.0
num:176 
0.0,0.0,1.0,0.0
0.666666666667,0.333333333333,0.0,0.0
1.0,0.0,0.0,0.0
0.666666666667,0.0,0.333333333333,0.0
0.0,1.0,0.0,0.0
0.0,0.0,0.666666666667,0.333333333333
0.333333333333,0.0,0.666666666667,0.0
0.333333333333,0.333333333333,0.333333333333,0.0
0.0,1.0,0.0,0.0
0.0,0.0,0.666666666667,0.333333333333
0.0,0.0,0.0,1.0
0.0,0.0,0.0,1.0
0.0,0.0,0.0,1.0
0.0,1.0,0.0,0.0
0.0,0.0,0.0,1.0
0.0,0.333333333333,0.0,0.666666666667
num:177 
0.0,1.0,0.0,0.0
0.0,1.0,0.0,0.0
0.0,1.0,0.0,0.0
0.0,0.0,0.0,1.0
0.0,0.25,0.0,0.75
0.25,0.75,0.0,0.0
0.75,0.0,0.25,0.0
0.0,0.0,0.75,0.25
0.0,0.25,0.75,0.0
0.0,0.75,0.25,0.0
0.25,0.0,0.75,0.0
1.0,0.0,0.0,0.0
0.0,0.75,0.25,0.0
0.0,0.0,1.0,0.0
num:178 
0.0,0.0,1.0,0.0
0.0,0.25,0.0,0.75
0.0,0.0,1.0,0.0
0.0,1.0,0.0,0.0
0.0,0.0,0.0,1.0
0.25,0.0,0.75,0.0
0.25,0.25,0.0,0.5
0.0,0.5,0.25,0.25
0.0,0.0,1.0,0.0
0.0,0.25,0.25,0.5
0.0,1.0,0.0,0.0
0.0,0.25,0.75,0.0
0.0,1.0,0.0,0.0
0.0,0.0,1.0,0.0
num:179 
0.0,0.75,0.25,0.0
0.0,0.0,0.0,1.0
0.0,1.0,0.0,0.0
0.0,1.0,0.0,0.0
0.0,0.0,0.25,0.75
0.0,0.5,0.5,0.0
0.0,0.0,1.0,0.0
0.0,0.0,0.0,1.0
0.0,0.25,0.25,0.5
0.0,0.75,0.0,0.25
0.0,0.0,1.0,0.0
0.0,1.0,0.0,0.0
0.0,0.0,0.75,0.25
0.0,0.0,0.0,1.0
num:180 
0.5,0.0,0.5,0.0
0.0,0.0,0.75,0.25
0.0,0.0,0.0,1.0
0.25,0.0,0.75,0.0
0.0,0.0,1.0,0.0
0.0,0.0,0.0,1.0
0.25,0.75,0.0,0.0
0.0,0.25,0.5,0.25
0.0,0.0,1.0,0.0
0.0,1.0,0.0,0.0
0.25,0.0,0.75,0.0
1.0,0.0,0.0,0.0
0.0,0.0,0.0,1.0
0.0,0.0,0.0,1.0
num:181 
0.0,0.0,1.0,0.0
0.0,1.0,0.0,0.0
0.0,0.0,1.0,0.0
0.0,0.0,1.0,0.0
0.0,0.25,0.25,0.5
0.0,0.0,0.0,1.0
0.25,0.0,0.0,0.75
0.25,0.0,0.75,0.0
0.75,0.0,0.0,0.25
0.5,0.5,0.0,0.0
0.25,0.75,0.0,0.0
0.0,1.0,0.0,0.0
0.0,0.0,1.0,0.0
0.0,1.0,0.0,0.0
num:182 
0.25,0.0,0.5,0.25
0.0,1.0,0.0,0.0
0.0,1.0,0.0,0.0
0.0,0.0,0.5,0.5
0.0,1.0,0.0,0.0
0.0,0.0,0.25,0.75
0.0,0.25,0.0,0.75
0.25,0.25,0.0,0.5
0.0,0.0,1.0,0.0
0.0,0.0,1.0,0.0
0.0,1.0,0.0,0.0
0.0,1.0,0.0,0.0
0.0,1.0,0.0,0.0
0.0,0.0,1.0,0.0
num:183 
0.0,0.0,1.0,0.0
0.0,0.0,1.0,0.0
0.0,0.0,1.0,0.0
1.0,0.0,0.0,0.0
0.0,0.0,1.0,0.0
0.25,0.0,0.75,0.0
0.0,0.25,0.25,0.5
0.0,0.5,0.0,0.5
0.25,0.5,0.25,0.0
0.0,0.25,0.75,0.0
0.0,0.0,0.0,1.0
0.0,0.75,0.25,0.0
0.0,1.0,0.0,0.0
0.0,0.0,0.5,0.5
num:184 
0.0,1.0,0.0,0.0
0.0,1.0,0.0,0.0
1.0,0.0,0.0,0.0
0.0,1.0,0.0,0.0
0.0,0.25,0.0,0.75
0.0,1.0,0.0,0.0
0.0,0.25,0.5,0.25
0.25,0.0,0.25,0.5
0.75,0.0,0.0,0.25
0.0,0.0,0.0,1.0
0.0,0.0,0.25,0.75
0.0,0.0,1.0,0.0
0.5,0.0,0.5,0.0
0.0,1.0,0.0,0.0
num:185 
0.0,0.0,0.25,0.75
0.0,0.0,0.0,1.0
0.0,1.0,0.0,0.0
1.0,0.0,0.0,0.0
0.25,0.0,0.0,0.75
0.75,0.25,0.0,0.0
0.25,0.0,0.75,0.0
0.0,0.25,0.25,0.5
1.0,0.0,0.0,0.0
1.0,0.0,0.0,0.0
0.25,0.0,0.0,0.75
0.0,0.0,0.0,1.0
0.0,0.0,0.0,1.0
0.25,0.0,0.0,0.75
num:186 
0.0,0.0,0.5,0.5
0.0,1.0,0.0,0.0
0.0,0.0,0.0,1.0
1.0,0.0,0.0,0.0
0.0,1.0,0.0,0.0
0.0,1.0,0.0,0.0
0.0,0.166666666667,0.666666666667,0.166666666667
0.0,0.0,1.0,0.0
0.166666666667,0.5,0.0,0.333333333333
0.0,1.0,0.0,0.0
0.833333333333,0.166666666667,0.0,0.0
0.0,0.0,0.333333333333,0.666666666667
1.0,0.0,0.0,0.0
1.0,0.0,0.0,0.0
0.0,1.0,0.0,0.0
num:187 
0.0,0.0,1.0,0.0
1.0,0.0,0.0,0.0
0.0,1.0,0.0,0.0
1.0,0.0,0.0,0.0
0.2,0.0,0.6,0.2
0.0,0.2,0.0,0.8
0.0,1.0,0.0,0.0
0.0,0.0,1.0,0.0
0.2,0.0,0.2,0.6
0.2,0.8,0.0,0.0
1.0,0.0,0.0,0.0
0.0,0.0,1.0,0.0
1.0,0.0,0.0,0.0
1.0,0.0,0.0,0.0
1.0,0.0,0.0,0.0
num:188 
0.5,0.0,0.0,0.5
0.0,0.0,0.0,1.0
0.0,1.0,0.0,0.0
0.0,0.0,0.75,0.25
0.0,0.0,1.0,0.0
0.0,1.0,0.0,0.0
0.0,1.0,0.0,0.0
1.0,0.0,0.0,0.0
0.0,0.0,0.0,1.0
0.0,1.0,0.0,0.0
0.0,0.0,1.0,0.0
0.0,1.0,0.0,0.0
0.25,0.75,0.0,0.0
0.0,0.0,1.0,0.0
0.0,0.75,0.0,0.25
num:189 
1.0,0.0,0.0,0.0
1.0,0.0,0.0,0.0
0.0,1.0,0.0,0.0
1.0,0.0,0.0,0.0
0.75,0.0,0.0,0.25
1.0,0.0,0.0,0.0
0.75,0.0,0.25,0.0
0.0,0.0,0.5,0.5
0.25,0.75,0.0,0.0
0.0,0.25,0.0,0.75
0.0,0.0,1.0,0.0
0.75,0.0,0.0,0.25
0.0,0.0,1.0,0.0
0.75,0.0,0.0,0.25
0.0,0.0,1.0,0.0
num:190 
1.0,0.0,0.0,0.0
1.0,0.0,0.0,0.0
0.0,1.0,0.0,0.0
0.0,0.0,1.0,0.0
0.666666666667,0.0,0.333333333333,0.0
0.333333333333,0.333333333333,0.333333333333,0.0
0.0,0.333333333333,0.0,0.666666666667
0.333333333333,0.333333333333,0.0,0.333333333333
1.0,0.0,0.0,0.0
0.333333333333,0.0,0.333333333333,0.333333333333
0.0,0.0,0.0,1.0
0.0,1.0,0.0,0.0
1.0,0.0,0.0,0.0
1.0,0.0,0.0,0.0
0.0,1.0,0.0,0.0
num:191 
0.0,1.0,0.0,0.0
1.0,0.0,0.0,0.0
0.0,0.0,1.0,0.0
1.0,0.0,0.0,0.0
0.666666666667,0.0,0.333333333333,0.0
0.0,0.0,1.0,0.0
0.0,0.0,0.333333333333,0.666666666667
0.333333333333,0.666666666667,0.0,0.0
0.333333333333,0.0,0.333333333333,0.333333333333
0.0,0.0,0.333333333333,0.666666666667
0.0,1.0,0.0,0.0
1.0,0.0,0.0,0.0
0.0,0.0,0.0,1.0
0.0,1.0,0.0,0.0
0.0,0.666666666667,0.333333333333,0.0
num:192 
0.0,0.0,1.0,0.0
0.0,1.0,0.0,0.0
0.0,0.0,1.0,0.0
0.0,0.0,1.0,0.0
0.0,0.333333333333,0.0,0.666666666667
0.0,0.0,0.0,1.0
0.333333333333,0.0,0.0,0.666666666667
0.333333333333,0.0,0.666666666667,0.0
0.666666666667,0.0,0.0,0.333333333333
0.666666666667,0.333333333333,0.0,0.0
0.333333333333,0.666666666667,0.0,0.0
0.0,1.0,0.0,0.0
0.0,0.0,1.0,0.0
0.0,1.0,0.0,0.0
0.0,1.0,0.0,0.0
num:193 
0.0,0.0,1.0,0.0
0.0,0.0,1.0,0.0
0.0,0.0,1.0,0.0
0.666666666667,0.333333333333,0.0,0.0
0.0,0.0,1.0,0.0
0.333333333333,0.0,0.333333333333,0.333333333333
0.0,0.0,0.333333333333,0.666666666667
0.0,0.0,0.0,1.0
0.333333333333,0.666666666667,0.0,0.0
0.0,0.0,0.666666666667,0.333333333333
0.0,0.0,0.0,1.0
0.0,1.0,0.0,0.0
0.0,1.0,0.0,0.0
0.0,0.0,0.0,1.0
0.0,1.0,0.0,0.0
num:194 
0.0,1.0,0.0,0.0
0.0,0.0,0.0,1.0
0.0,1.0,0.0,0.0
0.0,0.0,1.0,0.0
0.0,0.0,0.0,1.0
0.333333333333,0.0,0.666666666667,0.0
0.0,0.333333333333,0.666666666667,0.0
0.0,0.666666666667,0.333333333333,0.0
0.0,0.666666666667,0.0,0.333333333333
0.333333333333,0.666666666667,0.0,0.0
0.0,0.0,0.0,1.0
0.0,1.0,0.0,0.0
0.0,0.333333333333,0.0,0.666666666667
0.0,0.0,1.0,0.0
0.0,0.0,1.0,0.0
num:195 
1.0,0.0,0.0,0.0
0.0,0.25,0.0,0.75
0.0,0.75,0.25,0.0
0.0,0.0,1.0,0.0
0.0,0.0,1.0,0.0
0.0,1.0,0.0,0.0
0.0,0.75,0.25,0.0
1.0,0.0,0.0,0.0
0.0,0.0,0.0,1.0
0.5,0.5,0.0,0.0
0.5,0.0,0.5,0.0
0.0,1.0,0.0,0.0
0.0,1.0,0.0,0.0
0.0,0.0,1.0,0.0
0.25,0.75,0.0,0.0
0.0,0.0,0.0,1.0
num:196 
0.5,0.5,0.0,0.0
1.0,0.0,0.0,0.0
1.0,0.0,0.0,0.0
0.25,0.75,0.0,0.0
0.0,0.0,1.0,0.0
0.75,0.0,0.25,0.0
0.25,0.25,0.5,0.0
0.0,0.5,0.0,0.5
0.25,0.25,0.0,0.5
0.75,0.0,0.0,0.25
0.25,0.0,0.25,0.5
0.0,0.0,0.0,1.0
0.0,1.0,0.0,0.0
1.0,0.0,0.0,0.0
1.0,0.0,0.0,0.0
0.0,1.0,0.0,0.0
num:197 
0.5,0.0,0.5,0.0
0.75,0.0,0.25,0.0
0.0,0.0,0.0,1.0
0.0,0.0,1.0,0.0
0.0,1.0,0.0,0.0
0.0,1.0,0.0,0.0
0.0,0.0,0.75,0.25
0.0,1.0,0.0,0.0
0.0,0.5,0.5,0.0
0.25,0.25,0.5,0.0
0.25,0.75,0.0,0.0
0.0,0.25,0.0,0.75
0.0,0.0,0.0,1.0
0.25,0.75,0.0,0.0
0.0,0.0,0.75,0.25
1.0,0.0,0.0,0.0
num:198 
0.0,0.0,0.0,1.0
0.0,0.0,1.0,0.0
1.0,0.0,0.0,0.0
0.0,1.0,0.0,0.0
1.0,0.0,0.0,0.0
0.0,0.0,0.75,0.25
0.0,0.0,0.0,1.0
0.0,0.75,0.0,0.25
0.0,0.0,1.0,0.0
0.25,0.0,0.0,0.75
0.0,1.0,0.0,0.0
1.0,0.0,0.0,0.0
0.25,0.0,0.75,0.0
0.75,0.25,0.0,0.0
1.0,0.0,0.0,0.0
1.0,0.0,0.0,0.0
num:199 
0.0,0.0,0.25,0.75
0.0,0.0,0.0,1.0
0.25,0.0,0.0,0.75
0.25,0.25,0.25,0.25
0.0,0.0,1.0,0.0
1.0,0.0,0.0,0.0
0.0,0.0,0.75,0.25
0.0,0.0,0.0,1.0
0.0,0.0,0.25,0.75
0.25,0.0,0.75,0.0
0.25,0.0,0.0,0.75
0.25,0.75,0.0,0.0
1.0,0.0,0.0,0.0
0.0,0.0,0.25,0.75
0.0,1.0,0.0,0.0
1.0,0.0,0.0,0.0
num:200 
0.0,0.75,0.25,0.0
0.0,0.25,0.75,0.0
0.0,0.0,1.0,0.0
0.0,0.0,1.0,0.0
0.25,0.75,0.0,0.0
0.0,1.0,0.0,0.0
0.75,0.25,0.0,0.0
0.0,0.5,0.0,0.5
0.5,0.5,0.0,0.0
0.75,0.0,0.25,0.0
0.25,0.75,0.0,0.0
0.25,0.25,0.0,0.5
0.0,0.0,1.0,0.0
0.0,1.0,0.0,0.0
0.0,0.0,1.0,0.0
0.25,0.0,0.0,0.75
num:201 
0.0,0.75,0.25,0.0
0.0,0.0,1.0,0.0
0.0,0.75,0.25,0.0
0.0,0.0,0.0,1.0
0.0,0.0,0.0,1.0
1.0,0.0,0.0,0.0
0.25,0.25,0.25,0.25
0.75,0.0,0.25,0.0
0.0,1.0,0.0,0.0
0.25,0.25,0.5,0.0
0.25,0.25,0.5,0.0
0.0,0.75,0.25,0.0
0.0,1.0,0.0,0.0
0.75,0.25,0.0,0.0
1.0,0.0,0.0,0.0
1.0,0.0,0.0,0.0
num:202 
0.0,0.0,1.0,0.0
0.0,0.75,0.0,0.25
0.0,1.0,0.0,0.0
0.0,0.25,0.0,0.75
0.0,0.0,0.0,1.0
0.0,1.0,0.0,0.0
0.5,0.25,0.25,0.0
0.75,0.0,0.0,0.25
0.0,1.0,0.0,0.0
0.25,0.75,0.0,0.0
0.0,0.5,0.0,0.5
0.0,0.75,0.25,0.0
0.0,0.0,1.0,0.0
1.0,0.0,0.0,0.0
0.0,0.25,0.0,0.75
0.0,0.0,0.0,1.0
num:203 
0.0,0.0,1.0,0.0
0.0,0.0,1.0,0.0
0.0,0.0,0.0,1.0
0.0,1.0,0.0,0.0
0.666666666667,0.0,0.333333333333,0.0
0.0,0.0,0.0,1.0
0.0,1.0,0.0,0.0
0.0,1.0,0.0,0.0
0.0,0.0,0.666666666667,0.333333333333
0.0,1.0,0.0,0.0
0.0,0.333333333333,0.666666666667,0.0
0.0,0.0,0.0,1.0
0.0,1.0,0.0,0.0
0.0,0.0,1.0,0.0
0.333333333333,0.666666666667,0.0,0.0
0.0,0.0,1.0,0.0
num:204 
